0.03969011455774307
0.9603098630905151
0.051275480538606644
0.9487245082855225
0.15276484191417694
0.8472351431846619
0.000489638710860163
0.9995104074478149
0.9982948899269104
0.00170510308817029
0.005315330810844898
0.9946847558021545
0.030985286459326744
0.9690147042274475
0.2939646542072296
0.7060353755950928
0.23733875155448914
0.7626612782478333
0.20632797479629517
0.7936719655990601
0.1131763681769371
0.8868235945701599
0.44579237699508667
0.5542075634002686
0.0010961656225845218
0.9989038705825806
0.0005888823652639985
0.9994111061096191
0.0008055745274759829
0.9991944432258606
0.47930291295051575
0.5206970572471619
0.044821154326200485
0.9551788568496704
0.04346152022480965
0.9565384387969971
0.030377086251974106
0.9696229100227356
0.005434404592961073
0.9945656061172485
0.0005326989921741188
0.9994673132896423
0.06665492802858353
0.9333450794219971
0.011348861269652843
0.9886511564254761
0.0018876115791499615
0.9981124401092529
0.6237832903862
0.3762166500091553
0.06423725187778473
0.9357627630233765
0.5148302912712097
0.4851696789264679
0.018705544993281364
0.9812943935394287
0.0015550719108432531
0.9984449744224548
0.36326175928115845
0.6367383003234863
0.7625002264976501
0.23749980330467224
0.0005933868233114481
0.9994065761566162
0.00046076314174570143
0.9995392560958862
0.008183683268725872
0.9918163418769836
0.3525841534137726
0.647415816783905
0.11847267299890518
0.8815273642539978
0.0032620697747915983
0.9967378973960876
0.0034590617287904024
0.9965409636497498
0.007333667017519474
0.9926663041114807
0.01954221911728382
0.9804578423500061
0.1271105706691742
0.8728894591331482
0.04104297608137131
0.9589570164680481
0.0007482361979782581
0.9992517828941345
0.00046760839177295566
0.9995324611663818
0.4648313820362091
0.5351686477661133
0.034794844686985016
0.965205192565918
0.030464425683021545
0.9695355892181396
0.04073541611433029
0.9592646360397339
0.24536961317062378
0.7546303868293762
0.2692941427230835
0.7307057976722717
0.03028254583477974
0.9697175025939941
0.009330306202173233
0.9906697273254395
0.5330865383148193
0.46691352128982544
0.9986863732337952
0.001313630724325776
0.32424893975257874
0.6757509708404541
0.391935259103775
0.6080647110939026
0.0027871141210198402
0.9972129464149475
0.021100357174873352
0.9788996577262878
0.140049010515213
0.8599510192871094
0.9967033267021179
0.0032967000734061003
0.9982320666313171
0.0017679848242551088
0.12001660466194153
0.8799833655357361
0.0674249529838562
0.9325751066207886
0.13448503613471985
0.8655149340629578
0.0042951954528689384
0.9957048296928406
0.0014958989340811968
0.9985041618347168
0.005015983246266842
0.9949840307235718
0.19838228821754456
0.8016177415847778
0.749683678150177
0.2503163814544678
0.006410946138203144
0.9935890436172485
0.009195995517075062
0.9908039569854736
0.24438731372356415
0.7556126713752747
0.027040502056479454
0.9729595184326172
0.994926929473877
0.005073091015219688
0.004066032357513905
0.9959339499473572
0.0009674075990915298
0.9990326166152954
0.005370461381971836
0.9946295022964478
0.06178946793079376
0.9382105469703674
0.09563562273979187
0.9043643474578857
0.04031779244542122
0.9596822261810303
0.03401441499590874
0.9659855365753174
0.16437368094921112
0.8356263637542725
0.060457490384578705
0.9395425319671631
0.057137101888656616
0.9428629279136658
0.004164129961282015
0.9958359003067017
0.014731811359524727
0.985268235206604
0.002638176316395402
0.9973618388175964
0.020813200622797012
0.9791867733001709
0.07258189469575882
0.9274181127548218
0.000595266348682344
0.999404788017273
0.0023986492305994034
0.997601330280304
0.015307901427149773
0.9846921563148499
0.0046063135378062725
0.9953937530517578
0.6461052298545837
0.35389474034309387
0.0006511235842481256
0.9993488192558289
0.008027824573218822
0.9919722080230713
0.00043041264871135354
0.9995695948600769
0.046152714639902115
0.9538472890853882
0.9097374677658081
0.09026255458593369
0.00220060208812356
0.9977993369102478
0.0010628636227920651
0.99893718957901
0.5207313299179077
0.4792686700820923
0.03564019501209259
0.9643597602844238
0.25443631410598755
0.7455636262893677
0.5515934824943542
0.44840654730796814
0.0008446681313216686
0.9991552829742432
0.022263789549469948
0.9777361750602722
0.0005422498215921223
0.9994577765464783
0.3838743567466736
0.6161257028579712
0.9977834820747375
0.0022165141999721527
0.11842608451843262
0.8815739154815674
0.8496136665344238
0.15038631856441498
0.09132181853055954
0.9086781740188599
0.006458937656134367
0.9935410022735596
0.013326269574463367
0.9866737127304077
0.012730329297482967
0.9872696399688721
0.0008367642294615507
0.9991632699966431
0.16740764677524567
0.8325923681259155
0.9983957409858704
0.0016042145434767008
0.08710390329360962
0.9128961563110352
0.009082354605197906
0.9909176230430603
0.09432169795036316
0.9056783318519592
0.03309514746069908
0.9669048190116882
0.0158834271132946
0.9841166138648987
0.13228252530097961
0.867717444896698
0.001113826292566955
0.9988861680030823
0.5921177268028259
0.4078822433948517
0.5893717408180237
0.4106282889842987
0.053116511553525925
0.9468834400177002
0.17019809782505035
0.8298019170761108
0.5812302827835083
0.4187696874141693
0.002186545869335532
0.9978134632110596
0.09414325654506683
0.9058567881584167
0.2881574034690857
0.7118425965309143
0.9973021745681763
0.0026978154201060534
0.0016144426772370934
0.9983855485916138
0.41059625148773193
0.5894037485122681
0.5359075665473938
0.4640924632549286
0.1382613629102707
0.8617386817932129
0.14148016273975372
0.8585198521614075
0.3740846514701843
0.6259153485298157
0.014627315104007721
0.9853727221488953
0.0004909138078801334
0.9995090961456299
0.26251813769340515
0.7374818325042725
0.953398585319519
0.046601418405771255
0.27636244893074036
0.7236375212669373
0.4136301279067993
0.5863698124885559
0.16813459992408752
0.8318653702735901
0.00110447290353477
0.998895525932312
0.24673597514629364
0.7532640099525452
0.010818484239280224
0.9891814589500427
0.02532690204679966
0.9746730923652649
0.012813502922654152
0.9871864318847656
0.33507174253463745
0.6649281978607178
0.018195893615484238
0.9818041324615479
0.06321880221366882
0.9367812275886536
0.005577470641583204
0.9944224953651428
0.3072766363620758
0.6927233934402466
0.10579849779605865
0.8942015171051025
0.3441118001937866
0.6558881998062134
0.31489795446395874
0.6851020455360413
0.158309206366539
0.8416908383369446
0.3226408362388611
0.6773592233657837
0.2758241891860962
0.7241758108139038
0.08464425057172775
0.9153556823730469
0.0006205840618349612
0.9993793964385986
0.03715955838561058
0.9628404974937439
0.12038582563400269
0.8796142339706421
0.0006792509811930358
0.9993207454681396
0.0012347985757514834
0.998765230178833
0.3152909278869629
0.6847090125083923
0.6024006009101868
0.39759939908981323
0.003144161542877555
0.9968558549880981
0.0016950308345258236
0.9983049631118774
0.7816072702407837
0.2183927595615387
0.9882340431213379
0.011765966191887856
0.04793136566877365
0.9520686268806458
0.9986528158187866
0.0013471851125359535
0.03364182263612747
0.9663581252098083
0.5466931462287903
0.4533069133758545
0.9973711967468262
0.0026288069784641266
0.4476017951965332
0.552398145198822
0.0019081570208072662
0.9980918765068054
0.09733987599611282
0.902660071849823
0.7625157237052917
0.23748424649238586
0.15174442529678345
0.8482555747032166
0.27664288878440857
0.723357081413269
0.0017965398728847504
0.9982033967971802
0.3352831304073334
0.6647168397903442
0.0005704197683371603
0.9994295239448547
0.12160974740982056
0.8783903121948242
0.16553978621959686
0.8344601988792419
0.32457125186920166
0.6754287481307983
0.514133632183075
0.4858664274215698
0.06385786086320877
0.9361421465873718
0.11220742017030716
0.8877925276756287
0.3666592836380005
0.6333407163619995
0.006014019716531038
0.9939860105514526
0.0008422389510087669
0.9991577863693237
0.02772824652493
0.972271740436554
0.2869281768798828
0.7130718231201172
0.0056086210533976555
0.9943913817405701
0.0004891458083875477
0.9995108842849731
0.10532156378030777
0.8946784734725952
0.9959881901741028
0.0040118214674293995
0.9674221873283386
0.032577794045209885
0.9890411496162415
0.010958859696984291
0.46237677335739136
0.5376232862472534
0.003421455156058073
0.9965785145759583
0.15066441893577576
0.8493355512619019
0.9952235817909241
0.0047765010967850685
0.030296478420495987
0.9697034955024719
0.0007736572879366577
0.9992263317108154
0.07981864362955093
0.920181393623352
0.0016575702466070652
0.9983423948287964
0.13556012511253357
0.864439845085144
0.0036556029226630926
0.9963443875312805
0.027042364701628685
0.9729576110839844
0.0005361588555388153
0.9994638562202454
0.017494134604930878
0.9825059175491333
0.11528964340686798
0.8847103714942932
0.023119408637285233
0.9768805503845215
0.047828782349824905
0.9521711468696594
0.2376089096069336
0.7623910903930664
0.6686574816703796
0.33134254813194275
0.0017311990959569812
0.998268723487854
0.09200096875429153
0.9079990386962891
0.396060585975647
0.6039394736289978
0.04477018862962723
0.9552298784255981
0.0006318682571873069
0.9993681311607361
0.062139712274074554
0.9378603100776672
0.25319868326187134
0.7468012571334839
0.9112020134925842
0.08879798650741577
0.9987473487854004
0.0012526672799140215
0.9647183418273926
0.03528166934847832
0.0004926017136313021
0.9995074272155762
0.09970011562108994
0.9002998471260071
0.08023098111152649
0.9197689890861511
0.08653903007507324
0.9134609699249268
0.9967038035392761
0.00329623487778008
0.02313152886927128
0.9768685102462769
0.8168278336524963
0.18317216634750366
0.19315378367900848
0.8068462610244751
0.9985820055007935
0.0014180270954966545
0.013226897455751896
0.9867730736732483
0.9978734254837036
0.0021266150288283825
0.03208835795521736
0.9679117202758789
0.020952343940734863
0.9790477156639099
0.0918894037604332
0.9081106185913086
0.11626514047384262
0.8837348222732544
0.007913218811154366
0.9920868277549744
0.002610856434330344
0.9973891377449036
0.07758922129869461
0.9224107265472412
0.0006993321003392339
0.9993005990982056
0.07823973894119263
0.9217602014541626
0.0015537545550614595
0.9984462857246399
0.14597296714782715
0.8540270328521729
0.06632492691278458
0.9336750507354736
0.5338594913482666
0.4661405384540558
0.45107772946357727
0.5489223599433899
0.9986746311187744
0.001325359451584518
0.44616323709487915
0.5538367629051208
0.07531290501356125
0.9246870875358582
0.5343607664108276
0.46563923358917236
0.018459828570485115
0.9815401434898376
0.24391578137874603
0.7560842633247375
0.11170953512191772
0.8882904052734375
0.0005205654306337237
0.9994794726371765
0.002926997607573867
0.9970729351043701
0.01094244047999382
0.9890576004981995
0.9361560344696045
0.0638439804315567
0.0027104036416858435
0.9972896575927734
0.2263679951429367
0.7736319899559021
0.4160161018371582
0.583983838558197
0.04475913196802139
0.9552408456802368
0.011585543863475323
0.9884144067764282
0.0029878660570830107
0.9970121383666992
0.0012142476625740528
0.9987857937812805
0.053029682487249374
0.9469703435897827
0.18428272008895874
0.8157172799110413
0.0012744682608172297
0.9987254738807678
0.03356651961803436
0.9664335250854492
0.12831436097621918
0.8716856837272644
0.38510662317276
0.61489337682724
0.05963675305247307
0.9403632283210754
0.2300407886505127
0.7699591517448425
0.45246902108192444
0.547531008720398
0.9984773993492126
0.0015226486138999462
0.8139378428459167
0.18606217205524445
0.6245876550674438
0.3754124045372009
0.022692130878567696
0.977307915687561
0.9978620409965515
0.002138004871085286
0.9725712537765503
0.027428720146417618
0.6619770526885986
0.33802294731140137
0.01629210263490677
0.983707845211029
0.9986496567726135
0.0013503733789548278
0.3369452953338623
0.6630547046661377
0.008477307856082916
0.9915226697921753
0.21108214557170868
0.7889178991317749
0.29754504561424255
0.7024549841880798
0.05797687917947769
0.9420231580734253
0.11508528143167496
0.8849146962165833
0.0012410619528964162
0.9987589120864868
0.8607639670372009
0.13923603296279907
0.07923818379640579
0.9207618236541748
0.9990208148956299
0.0009792313212528825
0.9761922955513
0.023807741701602936
0.4666300415992737
0.5333699584007263
0.042455002665519714
0.9575449824333191
0.9930883049964905
0.006911675911396742
0.000611767522059381
0.9993882179260254
0.8052499890327454
0.19475002586841583
0.6994534730911255
0.30054646730422974
0.2567567825317383
0.7432432174682617
0.0023575176019221544
0.997642457485199
0.0025126191321760416
0.9974874258041382
0.02308748848736286
0.9769124984741211
0.24238914251327515
0.7576107978820801
0.3317016065120697
0.6682983636856079
0.10471633076667786
0.8952836394309998
0.5885715484619141
0.41142845153808594
0.17152991890907288
0.8284700512886047
0.013713184744119644
0.9862868189811707
0.3734076917171478
0.6265923380851746
0.9509741067886353
0.04902595281600952
0.7335656881332397
0.26643431186676025
0.011991990730166435
0.9880080223083496
0.07830579578876495
0.9216942191123962
0.23592863976955414
0.7640713453292847
0.041393477469682693
0.958606481552124
0.07200413197278976
0.9279958009719849
0.5730571746826172
0.4269427955150604
0.998940646648407
0.001059320056810975
0.25726374983787537
0.7427363395690918
0.0008192847017198801
0.9991807341575623
0.47702181339263916
0.5229781866073608
0.04708430543541908
0.9529156684875488
0.022337812930345535
0.9776622653007507
0.21097016334533691
0.7890297770500183
0.2533838152885437
0.7466161251068115
0.07348629832267761
0.9265137314796448
0.05625510588288307
0.943744957447052
0.5673930644989014
0.43260693550109863
0.017447978258132935
0.9825520515441895
0.998691976070404
0.0013079963391646743
0.07110289484262466
0.9288971424102783
0.017905602231621742
0.9820943474769592
0.03763498365879059
0.9623650312423706
0.9953752160072327
0.004624767694622278
0.10684654861688614
0.8931534290313721
0.020558414980769157
0.9794416427612305
0.5489674210548401
0.4510325789451599
0.04266420006752014
0.9573357701301575
0.08348634839057922
0.9165136218070984
0.004626952577382326
0.9953730702400208
0.06049209460616112
0.9395079612731934
0.14173471927642822
0.8582653403282166
0.00099432491697371
0.9990057349205017
0.13242000341415405
0.8675799369812012
0.65804523229599
0.34195476770401
0.22207610309123993
0.7779238224029541
0.2149188220500946
0.785081148147583
0.20147854089736938
0.7985215187072754
0.005107457283884287
0.9948925971984863
0.26594650745391846
0.7340534925460815
0.45788177847862244
0.5421182513237
0.43510714173316956
0.5648928284645081
0.2768287658691406
0.7231711745262146
0.0660703107714653
0.9339296817779541
0.0009371645865030587
0.9990628361701965
0.05888715758919716
0.9411128163337708
0.18977093696594238
0.8102290630340576
0.2842493951320648
0.7157505750656128
0.0007840007310733199
0.9992159605026245
0.0006724665872752666
0.999327540397644
0.06324145197868347
0.9367585182189941
0.006914196535944939
0.9930858612060547
0.006726155523210764
0.9932738542556763
0.0017042624531313777
0.9982957243919373
0.0021724156104028225
0.9978275895118713
0.0008274063002318144
0.9991725087165833
0.0018193498253822327
0.998180627822876
0.08611152321100235
0.9138885140419006
0.9200922250747681
0.07990774512290955
0.024870220571756363
0.9751298427581787
0.0004862199130002409
0.9995137453079224
0.585281491279602
0.4147184491157532
0.014222586527466774
0.9857774376869202
0.7371283769607544
0.26287156343460083
0.5480685830116272
0.4519314169883728
0.01834060624241829
0.9816593527793884
0.9877032041549683
0.012296795845031738
0.3431820273399353
0.6568179726600647
0.002196909161284566
0.9978030323982239
0.0027528766077011824
0.997247040271759
0.020090967416763306
0.9799090027809143
0.0007591029279865324
0.9992408752441406
0.18750931322574615
0.812490701675415
0.001090159872546792
0.9989098310470581
0.6510838866233826
0.34891605377197266
0.43141743540763855
0.5685825943946838
0.06938543915748596
0.9306145310401917
0.9982576966285706
0.0017423575045540929
0.07690614461898804
0.923093855381012
0.046835094690322876
0.9531649351119995
0.0010654730722308159
0.9989345669746399
0.0005333625595085323
0.999466598033905
0.19669413566589355
0.8033058643341064
0.013578019104897976
0.986422061920166
0.3596312403678894
0.6403687596321106
0.015986237674951553
0.9840137362480164
0.3396470546722412
0.6603529453277588
0.08708162605762482
0.9129183888435364
0.8694754838943481
0.13052450120449066
0.41265562176704407
0.5873444080352783
0.009539473801851273
0.9904604554176331
0.6923115849494934
0.307688444852829
0.08975012600421906
0.9102498888969421
0.015927229076623917
0.984072744846344
0.0391404889523983
0.960859477519989
0.09835124015808105
0.901648759841919
0.2912566065788269
0.7087433934211731
0.4393082857131958
0.5606917142868042
0.22749543190002441
0.7725045084953308
0.009096509777009487
0.9909034371376038
0.0033022623974829912
0.9966977834701538
0.9980733394622803
0.0019266200251877308
0.08610375970602036
0.9138962626457214
0.015987176448106766
0.9840128421783447
0.0011627554195001721
0.9988372921943665
0.07860995084047318
0.9213900566101074
0.08081449568271637
0.9191854596138
0.14508725702762604
0.8549126982688904
0.0004826183139812201
0.9995174407958984
0.0011592296650633216
0.9988407492637634
0.06520533561706543
0.9347946643829346
0.22106607258319855
0.7789340019226074
0.4073867201805115
0.5926132798194885
0.003174855373799801
0.9968252182006836
0.0015215332387015224
0.9984784722328186
0.9986088871955872
0.0013911400455981493
0.07534953951835632
0.9246504306793213
0.5964365601539612
0.4035634994506836
0.005559904966503382
0.9944400787353516
0.8755182027816772
0.12448181211948395
0.08961127698421478
0.9103887677192688
0.028146127238869667
0.9718538522720337
0.0008023519185371697
0.9991976618766785
0.01824832335114479
0.9817517399787903
0.3800797164440155
0.6199202537536621
0.0017293773125857115
0.9982706308364868
0.038027919828891754
0.9619720578193665
0.006065879482775927
0.9939340949058533
0.0022132359445095062
0.9977867603302002
0.3162347376346588
0.6837652921676636
0.38628095388412476
0.6137190461158752
0.1930149644613266
0.806985080242157
0.07300091534852982
0.926999032497406
0.1749686598777771
0.8250313997268677
0.9989861845970154
0.0010138318175449967
0.008835387416183949
0.9911646246910095
0.00045591266825795174
0.999544084072113
0.09506262093782425
0.9049374461174011
0.998382568359375
0.001617460628040135
0.562274694442749
0.437725305557251
0.12719431519508362
0.8728057146072388
0.3882730305194855
0.6117269396781921
0.5224611759185791
0.4775388538837433
0.0009827596368268132
0.9990172386169434
0.015521323308348656
0.9844787120819092
0.0022080587223172188
0.9977918863296509
0.5450966358184814
0.4549033045768738
0.00046308254241012037
0.9995369911193848
0.14448398351669312
0.8555159568786621
0.008930882439017296
0.9910690784454346
0.5572146773338318
0.442785382270813
0.0033321005757898092
0.9966679215431213
0.0021056723780930042
0.9978943467140198
0.009198872372508049
0.9908011555671692
0.002613901626318693
0.9973861575126648
0.8649002909660339
0.13509969413280487
0.2714519500732422
0.728547990322113
0.9273691773414612
0.07263076305389404
0.0006691077724099159
0.9993308782577515
0.0385981909930706
0.9614018201828003
0.6482547521591187
0.3517453372478485
0.0024597265291959047
0.9975402355194092
0.028830479830503464
0.9711695313453674
0.5813074707984924
0.41869252920150757
0.0008958230610005558
0.9991042017936707
0.43238481879234314
0.5676151514053345
0.005777870770543814
0.994222104549408
0.0007751667872071266
0.9992247819900513
0.9988059997558594
0.0011939802207052708
0.9990079998970032
0.0009920407319441438
0.059840407222509384
0.9401596188545227
0.004740351811051369
0.995259702205658
0.4558774530887604
0.544122576713562
0.9988964796066284
0.0011035132920369506
0.00044781056931242347
0.9995521903038025
0.14726965129375458
0.852730393409729
0.0007114865584298968
0.9992884397506714
0.9559027552604675
0.044097255915403366
0.0005017208168283105
0.9994982481002808
0.003786353161558509
0.9962136149406433
0.001074188039638102
0.9989257454872131
0.001813572715036571
0.9981864094734192
0.011081603355705738
0.9889183640480042
0.027779916301369667
0.9722200036048889
0.24347566068172455
0.7565243244171143
0.003540723118931055
0.9964593052864075
0.8948084115982056
0.10519159585237503
0.9989435076713562
0.0010564674157649279
0.17773965001106262
0.8222603797912598
0.01712827757000923
0.9828717708587646
0.33707764744758606
0.6629223227500916
0.9313070774078369
0.06869292259216309
0.21167533099651337
0.7883245944976807
0.6891852617263794
0.3108147382736206
0.4724215865135193
0.5275783538818359
0.0005807381821796298
0.9994193315505981
0.030209152027964592
0.9697908163070679
0.0223998986184597
0.9776001572608948
0.48400694131851196
0.5159931182861328
0.33120349049568176
0.6687965393066406
0.0035120942629873753
0.9964879751205444
0.0004757577262353152
0.9995242357254028
0.006220349110662937
0.9937795996665955
0.3526076376438141
0.6473923921585083
0.3525501787662506
0.647449791431427
0.09205202758312225
0.9079480171203613
0.3035948574542999
0.6964051127433777
0.6007181406021118
0.3992818295955658
0.006105867680162191
0.9938941597938538
0.0008173325331881642
0.9991826415061951
0.04720064252614975
0.9527993202209473
0.9975415468215942
0.002458421280607581
0.021998856216669083
0.9780011177062988
0.06607057899236679
0.9339293837547302
0.6542990803718567
0.3457009494304657
0.00050375796854496
0.9994962215423584
0.001287640305235982
0.998712420463562
0.9964308738708496
0.003569073975086212
0.0005911322659812868
0.9994088411331177
0.0012282183161005378
0.9987717270851135
0.5208262205123901
0.47917377948760986
0.0005122080910950899
0.9994877576828003
0.9990071654319763
0.000992904999293387
0.2548131048679352
0.7451868653297424
0.20021547377109528
0.7997845411300659
0.2146669179201126
0.7853330373764038
0.3689887821674347
0.6310112476348877
0.551104724407196
0.44889527559280396
0.009277931414544582
0.9907220602035522
0.010611000470817089
0.9893890023231506
0.16309024393558502
0.8369097113609314
0.37627974152565
0.6237202882766724
0.03204893693327904
0.9679509997367859
0.02566836029291153
0.9743316769599915
0.4533105194568634
0.546689510345459
0.00050916284089908
0.9994908571243286
0.4557637572288513
0.5442362427711487
0.9983320832252502
0.001667903852649033
0.058275725692510605
0.9417243003845215
0.40547385811805725
0.5945261120796204
0.027244221419095993
0.9727557897567749
0.1217089518904686
0.8782910704612732
0.0006558063323609531
0.9993441700935364
0.0036190988030284643
0.9963809847831726
0.4295167326927185
0.5704833269119263
0.0006790965562686324
0.9993208646774292
0.272504061460495
0.7274959683418274
0.42039260268211365
0.579607367515564
0.6978994011878967
0.3021005392074585
0.2772202789783478
0.7227796912193298
0.0018540960736572742
0.9981459379196167
0.3834311068058014
0.616568922996521
0.0006194963934831321
0.9993804693222046
0.013578912243247032
0.9864211082458496
0.2786423861980438
0.7213575839996338
0.0012243581004440784
0.9987756609916687
0.08542493730783463
0.9145750999450684
0.0079358434304595
0.9920641779899597
0.032744765281677246
0.9672552347183228
0.5124302506446838
0.48756974935531616
0.028592996299266815
0.9714070558547974
0.20168134570121765
0.7983186841011047
0.02810867875814438
0.9718913435935974
0.9981277585029602
0.001872277702204883
0.1013234481215477
0.8986765146255493
0.17818613350391388
0.8218139410018921
0.9591599702835083
0.04084001109004021
0.9987061023712158
0.0012939008884131908
0.41304779052734375
0.5869522094726562
0.41682711243629456
0.5831728577613831
0.022432755678892136
0.9775672554969788
0.16051335632801056
0.8394866585731506
0.4400666058063507
0.5599333643913269
0.19057287275791168
0.8094271421432495
0.01993190497159958
0.9800681471824646
0.23108674585819244
0.768913209438324
0.005618270020931959
0.9943817257881165
0.5557185411453247
0.4442814290523529
0.1926129013299942
0.8073870539665222
0.594163715839386
0.40583622455596924
0.22214004397392273
0.7778599262237549
0.0006968702655285597
0.9993031024932861
0.9820278882980347
0.017972150817513466
0.05081754922866821
0.9491824507713318
0.977042019367218
0.022957991808652878
0.21048851311206818
0.789511501789093
0.006086294073611498
0.9939137101173401
0.0011910009197890759
0.9988089799880981
0.9965171813964844
0.003482755506411195
0.0005150618962943554
0.9994848966598511
0.9989026784896851
0.0010973340831696987
0.7648782730102539
0.23512177169322968
0.0005039743264205754
0.9994959831237793
0.1994306594133377
0.8005693554878235
0.9984241724014282
0.001575840637087822
0.9984286427497864
0.0015712918248027563
0.21378056704998016
0.7862194776535034
0.022673631086945534
0.9773263335227966
0.906413733959198
0.093586266040802
0.0005503209540620446
0.9994496703147888
0.9985629916191101
0.0014370320132002234
0.13452763855457306
0.8654723167419434
0.2123679220676422
0.7876321077346802
0.5186702013015747
0.4813297688961029
0.0013315476244315505
0.9986684322357178
0.00046929155359975994
0.9995306730270386
0.9094730019569397
0.09052696079015732
0.3102112114429474
0.6897887587547302
0.000547099276445806
0.9994528889656067
0.0009074870613403618
0.9990925788879395
0.03297402709722519
0.9670259952545166
0.024681968614459038
0.9753180146217346
0.15022718906402588
0.8497728109359741
0.32565250992774963
0.674347460269928
0.006608489900827408
0.9933915138244629
0.3748968243598938
0.6251031756401062
0.054484471678733826
0.945515513420105
0.47961702942848206
0.5203829407691956
0.09640875458717346
0.9035912752151489
0.19128967821598053
0.8087102770805359
0.868944525718689
0.13105541467666626
0.17610377073287964
0.8238962292671204
0.5920291543006897
0.4079708755016327
0.2464258372783661
0.7535741329193115
0.036376114934682846
0.9636238813400269
0.26160475611686707
0.7383952140808105
0.014395813457667828
0.9856041669845581
0.18472319841384888
0.8152768015861511
0.003088888945057988
0.9969111084938049
0.010027752257883549
0.9899722337722778
0.6507734656333923
0.3492264747619629
0.0004789163649547845
0.9995211362838745
0.04203391447663307
0.9579660892486572
0.0158887580037117
0.9841113090515137
0.1023612767457962
0.897638738155365
0.039985813200473785
0.9600142240524292
0.00937917921692133
0.9906208515167236
0.525726318359375
0.4742737114429474
0.5568159818649292
0.4431840479373932
0.0004907583934254944
0.9995092153549194
0.37363892793655396
0.626361072063446
0.0008170058717951179
0.9991829991340637
0.12253357470035553
0.8774664402008057
0.04471008479595184
0.955289900302887
0.004669817164540291
0.9953302145004272
0.006031655706465244
0.9939683675765991
0.2587655782699585
0.7412344217300415
0.0006873944075778127
0.9993126392364502
0.05025450885295868
0.9497454762458801
0.21164581179618835
0.7883541584014893
0.3223043978214264
0.6776955723762512
0.9911613464355469
0.008838611654937267
0.9972475171089172
0.002752510365098715
0.18679778277873993
0.8132022619247437
0.059107858687639236
0.9408921599388123
0.02652641199529171
0.9734736084938049
0.39393946528434753
0.6060605049133301
0.07370822131633759
0.926291823387146
0.4303531348705292
0.5696468949317932
0.0004934088210575283
0.9995065927505493
0.044393569231033325
0.9556064605712891
0.044741544872522354
0.9552584886550903
0.010792226530611515
0.9892078042030334
0.0354282408952713
0.9645717740058899
0.0006682022358290851
0.9993317723274231
0.6893694996833801
0.3106304705142975
0.9961915016174316
0.003808535635471344
0.011275669559836388
0.9887242913246155
0.5598342418670654
0.44016578793525696
0.2698535919189453
0.7301464676856995
0.0348789244890213
0.9651210308074951
0.4225429594516754
0.577457070350647
0.0006240526563487947
0.9993759989738464
0.01619585044682026
0.9838041663169861
0.2050005942583084
0.7949994206428528
0.9986020922660828
0.0013979705981910229
0.29553696513175964
0.7044630646705627
0.09771779924631119
0.9022822380065918
0.4304008483886719
0.5695991516113281
0.042544350028038025
0.9574556350708008
0.07229472696781158
0.9277052879333496
0.01313753891736269
0.9868624210357666
0.22163012623786926
0.7783698439598083
0.0010574235348030925
0.9989425539970398
0.9429555535316467
0.057044435292482376
0.0011165033793076873
0.9988835453987122
0.060381993651390076
0.9396179914474487
0.005390398669987917
0.9946095943450928
0.1455504298210144
0.8544495701789856
0.04722709581255913
0.9527729153633118
0.0006464183097705245
0.9993535876274109
0.44551166892051697
0.5544883608818054
0.13268740475177765
0.8673126697540283
0.5594817996025085
0.44051823019981384
0.02860594354569912
0.9713940024375916
0.0005456540966406465
0.9994543194770813
0.814376175403595
0.18562379479408264
0.053048036992549896
0.9469519853591919
0.000474979926366359
0.9995250701904297
0.009342817589640617
0.9906572103500366
0.33495476841926575
0.6650452613830566
0.5552380084991455
0.4447619915008545
0.2195342481136322
0.7804657220840454
0.3640282154083252
0.6359717845916748
0.32030102610588074
0.6796989440917969
0.23660892248153687
0.7633911371231079
0.0004936052137054503
0.9995063543319702
0.7087758779525757
0.29122406244277954
0.8762614727020264
0.12373853474855423
0.0553554967045784
0.944644570350647
0.04801337048411369
0.9519866108894348
0.05084924399852753
0.949150800704956
0.016425272449851036
0.9835747480392456
0.0030583618208765984
0.9969416260719299
0.0005497836391441524
0.9994502663612366
0.487311452627182
0.5126885771751404
0.015248649753630161
0.984751284122467
0.0008576750406064093
0.9991422891616821
0.017433350905776024
0.9825666546821594
0.14567327499389648
0.8543266654014587
0.5231475830078125
0.4768524169921875
0.012899593450129032
0.98710036277771
0.01764995977282524
0.9823499917984009
0.41178929805755615
0.5882107019424438
0.05091530457139015
0.9490846395492554
0.010630305856466293
0.9893696308135986
0.05171722546219826
0.948282778263092
0.0010772921377792954
0.9989226460456848
0.10110626369714737
0.8988937735557556
0.005105805117636919
0.99489426612854
0.9979791045188904
0.002020874759182334
0.1676408052444458
0.8323591351509094
0.33049535751342773
0.6695046424865723
0.12832669913768768
0.8716732859611511
0.006714091636240482
0.9932858347892761
0.008917134255170822
0.9910829067230225
0.8278409242630005
0.1721591204404831
0.05521111935377121
0.9447888135910034
0.0423661470413208
0.9576338529586792
0.04463127255439758
0.95536869764328
0.48730531334877014
0.5126947164535522
0.0018372857011854649
0.9981626868247986
0.06327160447835922
0.9367284178733826
0.31554272770881653
0.6844572424888611
0.0005213801050558686
0.9994786381721497
0.9916563034057617
0.008343656547367573
0.0014323224313557148
0.9985677003860474
0.10971666872501373
0.8902832865715027
0.01237795501947403
0.987622082233429
0.020134497433900833
0.9798654913902283
0.09662068635225296
0.9033793210983276
0.7307481169700623
0.26925185322761536
0.9984772801399231
0.001522735459730029
0.09794176369905472
0.9020583033561707
0.04146530479192734
0.9585347175598145
0.04878644645214081
0.9512135982513428
0.17169490456581116
0.8283051252365112
0.46234071254730225
0.5376593470573425
0.2976031005382538
0.7023968696594238
0.37505465745925903
0.6249454021453857
0.16552217304706573
0.8344777822494507
0.9556675553321838
0.044332392513751984
0.3615843951702118
0.6384155750274658
0.25107768177986145
0.7489222884178162
0.03491920232772827
0.9650807976722717
0.00047730005462653935
0.9995226860046387
0.5180466771125793
0.48195329308509827
0.022409828379750252
0.9775901436805725
0.4401678442955017
0.5598321557044983
0.99854975938797
0.001450248179025948
0.13492731750011444
0.8650726675987244
0.039716411381959915
0.9602835774421692
0.5576710104942322
0.4423289895057678
0.0009822644060477614
0.9990177154541016
0.012408951297402382
0.987591028213501
0.003410031320527196
0.9965900182723999
0.018229294568300247
0.9817706942558289
0.0010940590873360634
0.9989058971405029
0.0007603097474202514
0.9992396831512451
0.0012949167285114527
0.9987050294876099
0.9987149238586426
0.00128513528034091
0.10152261704206467
0.8984773755073547
0.9694958925247192
0.03050403669476509
0.1709202080965042
0.829079806804657
0.7450657486915588
0.25493425130844116
0.122857965528965
0.8771420121192932
0.9986687898635864
0.0013311697402969003
0.03237362578511238
0.9676263332366943
0.002185579389333725
0.997814416885376
0.2851601839065552
0.7148398160934448
0.08978810161352158
0.910211980342865
0.0025698975659906864
0.997430145740509
0.7687085866928101
0.23129133880138397
0.2174772024154663
0.7825227379798889
0.32986193895339966
0.6701381206512451
0.5106436610221863
0.4893563687801361
0.0010057234903797507
0.9989942908287048
0.5013413429260254
0.4986586570739746
0.0035679263528436422
0.9964320659637451
0.028999365866184235
0.9710005521774292
0.37991657853126526
0.6200833916664124
0.0007176022627390921
0.9992824196815491
0.12513798475265503
0.8748620748519897
0.39100733399391174
0.6089926958084106
0.9986531734466553
0.0013468362158164382
0.0007477955659851432
0.9992521405220032
0.19815972447395325
0.8018402457237244
0.2904477119445801
0.7095522880554199
0.0021677135955542326
0.9978322386741638
0.9972743391990662
0.0027256980538368225
0.07017862796783447
0.9298213124275208
0.03240518271923065
0.9675948619842529
0.0006968267844058573
0.9993032217025757
0.15414844453334808
0.8458516001701355
0.998698353767395
0.0013016087468713522
0.27348774671554565
0.7265121936798096
0.9973301887512207
0.002669768873602152
0.384927898645401
0.6150721311569214
0.398364394903183
0.6016356348991394
0.022830365225672722
0.9771696925163269
0.9990018010139465
0.0009981789626181126
0.0009674872853793204
0.9990324974060059
0.2009313851594925
0.7990686297416687
0.0007992282626219094
0.9992007613182068
0.14381931722164154
0.8561806678771973
0.35421866178512573
0.6457813382148743
0.06073835492134094
0.9392616748809814
0.002712577348574996
0.997287392616272
0.9259451031684875
0.07405494153499603
0.10110406577587128
0.8988959193229675
0.00786287896335125
0.9921371340751648
0.002963908016681671
0.9970360994338989
0.5595473051071167
0.4404527544975281
0.24082724750041962
0.7591727375984192
0.07902039587497711
0.9209795594215393
0.3521873652935028
0.6478126049041748
0.0009753244230523705
0.9990246295928955
0.015521541237831116
0.9844784736633301
0.08512847125530243
0.9148715138435364
0.0004877833998762071
0.9995121955871582
0.3638172745704651
0.6361826658248901
0.24733692407608032
0.7526630163192749
0.0015076877316460013
0.9984923601150513
0.002319277497008443
0.9976806640625
0.32008156180381775
0.6799184679985046
0.0005965664749965072
0.9994034767150879
0.38707929849624634
0.6129207015037537
0.0005460683023557067
0.9994539618492126
0.042693547904491425
0.9573063850402832
0.3992844223976135
0.6007155179977417
0.28394585847854614
0.7160540819168091
0.0010949334828183055
0.9989050626754761
0.9968145489692688
0.003185459179803729
0.15026062726974487
0.8497394323348999
0.0014796117320656776
0.9985204339027405
0.1833169013261795
0.8166831135749817
0.0007563172257505357
0.9992437362670898
0.0030802772380411625
0.9969197511672974
0.0017212943639606237
0.9982787370681763
0.045396365225315094
0.9546036124229431
0.035614702850580215
0.9643852710723877
0.3182595372200012
0.681740403175354
0.9910565614700317
0.00894345622509718
0.9760486483573914
0.023951411247253418
0.1970599889755249
0.8029400110244751
0.22981537878513336
0.7701845765113831
0.015302482061088085
0.9846975803375244
0.23791272938251495
0.7620872855186462
0.2685999572277069
0.7314000725746155
0.25673606991767883
0.7432639002799988
0.0005752150900661945
0.9994248151779175
0.19147850573062897
0.8085215091705322
0.005329287610948086
0.9946706891059875
0.013782265596091747
0.9862176775932312
0.10197454690933228
0.898025393486023
0.0015486953780055046
0.9984512329101562
0.0018936521373689175
0.9981063604354858
0.18160979449748993
0.8183902502059937
0.6202777028083801
0.37972232699394226
0.0004483243392314762
0.9995515942573547
0.3191969394683838
0.680803120136261
0.23349417746067047
0.7665058374404907
0.004677606746554375
0.9953224062919617
0.25855255126953125
0.7414475083351135
0.6155000329017639
0.3844999670982361
0.998815655708313
0.0011843324173241854
0.19220206141471863
0.8077979683876038
0.0010258958209306002
0.998974084854126
0.09617987275123596
0.9038201570510864
0.001737896935082972
0.9982621073722839
0.02205582521855831
0.9779441952705383
0.8535494208335876
0.14645057916641235
0.004512576851993799
0.9954873919487
0.0005717381136491895
0.9994282126426697
0.6131991744041443
0.3868007957935333
0.0054464866407215595
0.9945534467697144
0.0004747266648337245
0.9995253086090088
0.0009559563477523625
0.9990440011024475
0.0005119239795021713
0.9994879961013794
0.04322280362248421
0.9567771553993225
0.5409306883811951
0.4590693414211273
0.22878043353557587
0.7712196111679077
0.07445479929447174
0.9255452156066895
0.0074994745664298534
0.9925004839897156
0.06984417140483856
0.930155873298645
0.0005760594503954053
0.9994239807128906
0.0011982745490968227
0.9988017082214355
0.07064918428659439
0.9293508529663086
0.03290301561355591
0.9670969843864441
0.0009245419059880078
0.9990754127502441
0.000949040288105607
0.9990509152412415
0.22430963814258575
0.7756903767585754
0.9987137317657471
0.0012862422736361623
0.04348669573664665
0.9565132856369019
0.09705644845962524
0.90294349193573
0.010272756218910217
0.9897271990776062
0.4451378285884857
0.5548621416091919
0.004035016521811485
0.9959650039672852
0.9291768670082092
0.07082310318946838
0.2313838005065918
0.7686161994934082
0.0005846304702572525
0.999415397644043
0.2542623281478882
0.7457376718521118
0.7949926257133484
0.2050073891878128
0.0016411109827458858
0.9983589053153992
0.002008377341553569
0.997991681098938
0.21321406960487366
0.7867859601974487
0.43046262860298157
0.569537341594696
0.027277857065200806
0.9727221727371216
0.0014794511953368783
0.99852055311203
0.011743692681193352
0.9882562756538391
0.341945618391037
0.6580543518066406
0.32411783933639526
0.6758822202682495
0.028281833976507187
0.9717181921005249
0.0942457765340805
0.9057542085647583
0.9272305965423584
0.072769396007061
0.017779607325792313
0.9822204113006592
0.17338711023330688
0.8266128897666931
0.2349613606929779
0.7650386095046997
0.1920747011899948
0.8079253435134888
0.004296417348086834
0.9957036375999451
0.0014161566505208611
0.9985839128494263
0.4180174171924591
0.5819825530052185
0.4246157705783844
0.575384259223938
0.17079825699329376
0.8292017579078674
0.38621169328689575
0.6137883067131042
0.06786417216062546
0.932135820388794
0.9984827637672424
0.0015172319253906608
0.04167833924293518
0.9583216309547424
0.692655086517334
0.307344913482666
0.36396661400794983
0.6360333561897278
0.0723646730184555
0.9276353120803833
0.03223317116498947
0.9677668809890747
0.9987093210220337
0.001290735206566751
0.06410226970911026
0.9358977675437927
0.20438428223133087
0.7956157326698303
0.0009942747419700027
0.9990057349205017
0.33697256445884705
0.6630275249481201
0.020618345588445663
0.9793816804885864
0.9988701939582825
0.0011297592427581549
0.045038845390081406
0.9549611806869507
0.22878119349479675
0.7712187170982361
0.15269073843955994
0.8473092317581177
0.22310924530029297
0.7768908143043518
0.18038518726825714
0.819614827632904
0.1424025297164917
0.8575975298881531
0.15276603400707245
0.8472339510917664
0.3154147267341614
0.6845852732658386
0.19107429683208466
0.8089256882667542
0.038918547332286835
0.9610814452171326
0.007022507023066282
0.9929774403572083
0.3919486105442047
0.6080514192581177
0.09540858119726181
0.9045913815498352
0.06266370415687561
0.9373363256454468
0.4379141628742218
0.5620858073234558
0.9986441731452942
0.0013558348873630166
0.023667016997933388
0.97633296251297
0.07577601820230484
0.9242239594459534
0.24168618023395538
0.758313775062561
0.03217972069978714
0.9678202271461487
0.41116252541542053
0.5888374447822571
0.004263755865395069
0.9957362413406372
0.2736879289150238
0.7263120412826538
0.667630672454834
0.33236929774284363
0.0005395463085733354
0.9994605183601379
0.47363704442977905
0.526362955570221
0.009451496414840221
0.9905485510826111
0.5136401653289795
0.4863598346710205
0.001712808501906693
0.9982871413230896
0.5275821685791016
0.47241783142089844
0.7047983407974243
0.2952016294002533
0.12981337308883667
0.8701866269111633
0.007261492311954498
0.9927385449409485
0.07260655611753464
0.9273934960365295
0.1582135558128357
0.8417864441871643
0.6158849596977234
0.384115070104599
0.18605981767177582
0.813940167427063
0.723798394203186
0.27620160579681396
0.0009200093918479979
0.9990799427032471
0.0024649901315569878
0.997534990310669
0.3681837022304535
0.6318163275718689
0.5694005489349365
0.4305994510650635
0.9986926913261414
0.001307281432673335
0.3136667013168335
0.6863332986831665
0.9725205302238464
0.0274795088917017
0.0020427971612662077
0.9979572296142578
0.9985014200210571
0.0014985514571890235
0.013925506733357906
0.9860745072364807
0.0017900442471727729
0.9982099533081055
0.26117387413978577
0.7388260960578918
0.0012032052036374807
0.998796820640564
0.023647846654057503
0.9763521552085876
0.02702230028808117
0.9729776978492737
0.5809233784675598
0.4190766215324402
0.9903693795204163
0.009630659595131874
0.003949509467929602
0.9960505366325378
0.14162097871303558
0.8583789467811584
0.0007568734581582248
0.9992431402206421
0.04431763291358948
0.9556823372840881
0.9951052665710449
0.004894684534519911
0.8638972043991089
0.13610275089740753
0.001032362342812121
0.9989676475524902
0.0005013931076973677
0.9994986057281494
0.3058025538921356
0.6941974759101868
0.001062789699062705
0.99893718957901
0.011892055161297321
0.9881079792976379
0.0010181376710534096
0.9989818930625916
0.7729254364967346
0.2270745187997818
0.16434381902217865
0.8356562256813049
0.009351476095616817
0.9906485676765442
0.06583601981401443
0.9341640472412109
0.9983682036399841
0.0016317819245159626
0.015172246843576431
0.9848277568817139
0.8055976629257202
0.1944023072719574
0.013798361644148827
0.9862015843391418
0.22935526072978973
0.7706447243690491
0.23498910665512085
0.7650109529495239
0.26977840065956116
0.7302215695381165
0.07796090096235275
0.9220391511917114
0.13083821535110474
0.8691617846488953
0.001229752553626895
0.9987701773643494
0.001971995225176215
0.9980279803276062
0.0006432029767893255
0.9993568062782288
0.17639218270778656
0.8236078023910522
0.909491240978241
0.09050878882408142
0.012237095274031162
0.9877628684043884
0.2868039608001709
0.7131960988044739
0.48066961765289307
0.5193303823471069
0.0014441423118114471
0.9985558390617371
0.009886616840958595
0.990113377571106
0.3433533310890198
0.6566466093063354
0.5725798010826111
0.4274202287197113
0.24115318059921265
0.7588468790054321
0.21009312570095062
0.7899068593978882
0.0005404320545494556
0.9994595646858215
0.04853599891066551
0.9514639973640442
0.8463208675384521
0.15367913246154785
0.003518919227644801
0.9964810609817505
0.0010350148659199476
0.9989650249481201
0.4621666371822357
0.5378333926200867
0.6206393837928772
0.379360556602478
0.07030373066663742
0.9296962022781372
0.5866668224334717
0.4133331775665283
0.02819792926311493
0.9718020558357239
0.11974033713340759
0.8802596926689148
0.02010073885321617
0.9798992872238159
0.0972408652305603
0.9027591943740845
0.9570521712303162
0.042947910726070404
0.0008846097625792027
0.9991154074668884
0.48349955677986145
0.5165004134178162
0.033737100660800934
0.966262936592102
0.3275616765022278
0.672438383102417
0.01664036326110363
0.9833595752716064
0.29647985100746155
0.7035201191902161
0.0014563370496034622
0.9985437393188477
0.006128282286226749
0.9938716888427734
0.0032006464898586273
0.9967993497848511
0.032146815210580826
0.9678531885147095
0.07037778198719025
0.929622232913971
0.010029238648712635
0.9899707436561584
0.04662983864545822
0.953370213508606
0.04254643991589546
0.9574536085128784
0.003088153200224042
0.9969118237495422
0.0025078491307795048
0.9974921941757202
0.0005223099724389613
0.9994776844978333
0.9955086708068848
0.0044913580641150475
0.005480690859258175
0.9945192933082581
0.0014038165099918842
0.9985961318016052
0.001315160421654582
0.998684823513031
0.0005539511912502348
0.9994460940361023
0.5242517590522766
0.475748211145401
0.21159490942955017
0.7884050607681274
0.21732041239738464
0.7826796174049377
0.0005171250668354332
0.9994828701019287
0.7430524230003357
0.2569475471973419
0.6977262496948242
0.3022737503051758
0.549298107624054
0.4507019519805908
0.0013015387812629342
0.9986984729766846
0.22662270069122314
0.7733772397041321
0.12999916076660156
0.8700008392333984
0.020425308495759964
0.9795746207237244
0.002816877095028758
0.9971831440925598
0.9776327610015869
0.02236730046570301
0.05139315500855446
0.9486068487167358
0.0005336221074685454
0.9994663596153259
0.3341786563396454
0.665821373462677
0.05049639195203781
0.9495036005973816
0.11169056594371796
0.8883094191551208
0.9989107847213745
0.0010892723221331835
0.0005531897768378258
0.9994468092918396
0.6832030415534973
0.3167969584465027
0.08896831423044205
0.9110316038131714
0.9988232254981995
0.0011767043033614755
0.5595859289169312
0.44041410088539124
0.3521130084991455
0.6478870511054993
0.3430127203464508
0.6569872498512268
0.37546953558921814
0.6245304346084595
0.06489856541156769
0.9351014494895935
0.5123859643936157
0.4876140058040619
0.10403013229370117
0.895969808101654
0.001941912923939526
0.998058021068573
0.0031239273957908154
0.9968760013580322
0.007079032249748707
0.9929209351539612
0.0015638436889275908
0.9984361529350281
0.007310681045055389
0.992689311504364
0.24431493878364563
0.755685031414032
0.4012528359889984
0.5987471342086792
0.0020862717647105455
0.997913658618927
0.0007396818837150931
0.9992603659629822
0.0894019827246666
0.9105979800224304
0.5010491609573364
0.49895089864730835
0.17447705566883087
0.8255228996276855
0.07968389242887497
0.9203161597251892
0.07533193379640579
0.9246680736541748
0.9922451376914978
0.007754880469292402
0.07326024770736694
0.9267397522926331
0.0015332980547100306
0.9984667301177979
0.0006936774589121342
0.999306321144104
0.9773803353309631
0.022619646042585373
0.018517233431339264
0.9814828038215637
0.17280110716819763
0.82719886302948
0.1562400907278061
0.8437598943710327
0.5811516642570496
0.4188483655452728
0.09739276766777039
0.902607262134552
0.001025675912387669
0.9989743232727051
0.5016301870346069
0.49836981296539307
0.07297907769680023
0.9270209670066833
0.23706363141536713
0.7629363536834717
0.0008739004842936993
0.999126136302948
0.00048580439761281013
0.9995142221450806
0.38450416922569275
0.6154958009719849
0.00079810043098405
0.9992019534111023
0.1918635219335556
0.808136522769928
0.0008793070446699858
0.9991206526756287
0.4934857487678528
0.5065142512321472
0.0007743417518213391
0.9992256164550781
0.5446527004241943
0.45534729957580566
0.03500131890177727
0.9649986624717712
0.036211781203746796
0.9637881517410278
0.7198948860168457
0.28010520339012146
0.3362956941127777
0.6637043356895447
0.4647616744041443
0.5352383255958557
0.019850274547934532
0.9801496863365173
0.9989426732063293
0.001057316199876368
0.40069183707237244
0.5993081331253052
0.9987467527389526
0.0012532484252005816
0.9969346523284912
0.003065389348194003
0.022250087931752205
0.9777498841285706
0.001714196871034801
0.9982858300209045
0.039544444531202316
0.9604555368423462
0.12787431478500366
0.8721256852149963
0.46436023712158203
0.5356398224830627
0.004341417457908392
0.9956586360931396
0.2664240896701813
0.7335759401321411
0.00086291937623173
0.9991371035575867
0.1314660608768463
0.8685339093208313
0.4390214681625366
0.5609785318374634
0.2203163504600525
0.7796836495399475
0.0005785588873550296
0.9994214773178101
0.04938596859574318
0.9506140351295471
0.01393930334597826
0.9860607385635376
0.1621522307395935
0.8378477692604065
0.9991125464439392
0.0008874877821654081
0.49305468797683716
0.5069452524185181
0.3178659677505493
0.6821340322494507
0.9959352016448975
0.004064742475748062
0.4712873697280884
0.5287126302719116
0.3478910028934479
0.6521090269088745
0.0013769697397947311
0.9986230134963989
0.008968071080744267
0.9910320043563843
0.6992620229721069
0.30073797702789307
0.005279851146042347
0.9947201013565063
0.9929772019386292
0.007022729609161615
0.0004909790004603565
0.9995089769363403
0.5115327835083008
0.48846715688705444
0.004571298602968454
0.9954286813735962
0.0005342573276720941
0.9994657635688782
0.32885175943374634
0.6711482405662537
0.000817985855974257
0.9991820454597473
0.008598239161074162
0.991401731967926
0.2933179438114166
0.706682026386261
0.0005403447430580854
0.9994596838951111
0.40072008967399597
0.5992798805236816
0.7394413948059082
0.260558545589447
0.0005379815702326596
0.9994620680809021
0.039905108511447906
0.9600948691368103
0.00047114657354541123
0.9995288848876953
0.002221498405560851
0.9977784752845764
0.026111576706171036
0.9738883972167969
0.8022232055664062
0.19777683913707733
0.03625953570008278
0.9637404680252075
0.0012367935851216316
0.9987632036209106
0.14707963168621063
0.8529203534126282
0.07177531719207764
0.9282246828079224
0.0007376875728368759
0.999262273311615
0.5692552328109741
0.4307447373867035
0.2481032758951187
0.7518967390060425
0.010270148515701294
0.9897298812866211
0.02318558469414711
0.9768144488334656
0.9977231621742249
0.0022768268827348948
0.998766303062439
0.0012337275547906756
0.14778971672058105
0.8522102236747742
0.03215212747454643
0.9678479433059692
0.22795599699020386
0.7720440030097961
0.0008086428861133754
0.9991913437843323
0.0005524686421267688
0.9994475245475769
0.5295156836509705
0.47048428654670715
0.0005123164737597108
0.9994876384735107
0.37513405084609985
0.6248659491539001
0.0022624493576586246
0.9977375268936157
0.0918164849281311
0.9081835150718689
0.08212413638830185
0.9178758859634399
0.0009223208180628717
0.9990776777267456
0.0024634499568492174
0.9975365400314331
0.00046119329635985196
0.999538779258728
0.14561890065670013
0.8543810844421387
0.9988942742347717
0.001105748349800706
0.0031001137103885412
0.9968998432159424
0.2797439992427826
0.7202560305595398
0.02286110818386078
0.9771388173103333
0.0005117346881888807
0.9994882345199585
0.000453599524917081
0.9995463490486145
0.08637992292642593
0.9136200547218323
0.19411563873291016
0.8058843612670898
0.007959366776049137
0.9920405745506287
0.24301792681217194
0.7569820880889893
0.0023605208843946457
0.997639536857605
0.9985564351081848
0.001443527638912201
0.03349485993385315
0.9665051102638245
0.0007147752912715077
0.9992852807044983
0.5571633577346802
0.4428366422653198
0.011438962072134018
0.9885610938072205
0.29210400581359863
0.7078959941864014
0.016765348613262177
0.9832346439361572
0.00440569594502449
0.995594322681427
0.000571271579246968
0.9994286894798279
0.0005339302006177604
0.9994661211967468
0.0027328012511134148
0.9972672462463379
0.009516074322164059
0.9904838800430298
0.26802965998649597
0.7319703698158264
0.019688723608851433
0.9803112745285034
0.6247884035110474
0.37521159648895264
0.6484801173210144
0.3515198230743408
0.02466551400721073
0.9753344655036926
0.11081834882497787
0.8891816139221191
0.008613226003944874
0.9913867115974426
0.0005724055808968842
0.9994276165962219
0.9195247292518616
0.08047527819871902
0.2609257996082306
0.739074170589447
0.006701009348034859
0.9932990074157715
0.004582328721880913
0.9954177141189575
0.10495758056640625
0.8950424194335938
0.4688619077205658
0.5311381816864014
0.4601258933544159
0.5398740768432617
0.00353925465606153
0.9964607357978821
0.006215664092451334
0.9937843084335327
0.2219967395067215
0.7780032157897949
0.0005652839899994433
0.9994346499443054
0.2613866925239563
0.7386132478713989
0.0006478191935457289
0.9993521571159363
0.2913511395454407
0.7086488604545593
0.23943127691745758
0.7605686783790588
0.0028693571221083403
0.9971306920051575
0.0029268560465425253
0.9970731735229492
0.9986971020698547
0.0013029148103669286
0.0013009338872507215
0.9986990690231323
0.1000654548406601
0.8999344706535339
0.41696077585220337
0.5830392241477966
0.035074979066848755
0.9649249911308289
0.007062173914164305
0.9929378628730774
0.0005341024952940643
0.9994658827781677
0.29873126745224
0.70126873254776
0.15689648687839508
0.8431035280227661
0.0023643868044018745
0.9976356029510498
0.4424668848514557
0.5575331449508667
0.0006298876833170652
0.9993701577186584
0.8324727416038513
0.16752731800079346
0.029648154973983765
0.9703518152236938
0.3972075283527374
0.602792501449585
0.276716411113739
0.7232835292816162
0.3976963758468628
0.6023036241531372
0.6458073258399963
0.35419267416000366
0.08687067031860352
0.9131293296813965
0.4643222391605377
0.5356777310371399
0.012669106014072895
0.9873308539390564
0.0005395081825554371
0.9994605183601379
0.932569682598114
0.06743034720420837
0.46513378620147705
0.5348661541938782
0.0254666730761528
0.9745332598686218
0.9989745616912842
0.0010254669468849897
0.001244874089024961
0.9987550973892212
0.031073952093720436
0.9689260125160217
0.22423304617404938
0.7757669687271118
0.00983468908816576
0.9901652932167053
0.12190162390470505
0.8780983686447144
0.16680194437503815
0.833198070526123
0.0023630440700799227
0.9976369142532349
0.060632526874542236
0.9393674731254578
0.0018389339093118906
0.9981610178947449
0.32133862376213074
0.6786614060401917
0.6723466515541077
0.3276534080505371
0.005310323555022478
0.9946897029876709
0.12491093575954437
0.8750890493392944
0.0004524586256593466
0.99954754114151
0.19267424941062927
0.8073257803916931
0.2032538205385208
0.7967461347579956
0.4554465413093567
0.5445533990859985
0.012521510012447834
0.987478494644165
0.07273534685373306
0.9272646307945251
0.01290538813918829
0.9870945811271667
0.010393192991614342
0.9896067976951599
0.9980314373970032
0.001968558644875884
0.08178091049194336
0.9182190895080566
0.015551239252090454
0.9844487905502319
0.0006009452044963837
0.9993990659713745
0.6526029706001282
0.3473970592021942
0.003701442154124379
0.996298611164093
0.15250742435455322
0.8474925756454468
0.02179204486310482
0.9782080054283142
0.004533328581601381
0.9954665899276733
0.6066074967384338
0.39339250326156616
0.06389683485031128
0.9361032247543335
0.0004797024594154209
0.9995203018188477
0.0005196597194299102
0.9994804263114929
0.43671369552612305
0.5632863640785217
0.051081616431474686
0.948918342590332
0.33341866731643677
0.666581392288208
0.3141222298145294
0.685877799987793
0.169571191072464
0.8304287791252136
0.0010415422730147839
0.9989584684371948
0.02906087227165699
0.9709390997886658
0.13274149596691132
0.8672584891319275
0.004340811632573605
0.9956592321395874
0.0011157889384776354
0.9988842606544495
0.10641080886125565
0.893589198589325
0.7193639874458313
0.2806359529495239
0.1588152050971985
0.8411848545074463
0.10489819943904877
0.8951018452644348
0.19744089245796204
0.8025591373443604
0.0005789994029328227
0.9994210004806519
0.01194117683917284
0.988058865070343
0.14017874002456665
0.8598212599754333
0.0024123210459947586
0.9975876808166504
0.0005730890552513301
0.9994269609451294
0.3909447193145752
0.6090552806854248
0.16480600833892822
0.8351939916610718
0.4645564556121826
0.5354434847831726
0.302386611700058
0.6976134181022644
0.18279488384723663
0.8172051310539246
0.008818383328616619
0.9911816120147705
0.0006961526814848185
0.9993038177490234
0.004652857314795256
0.9953472018241882
0.222064808011055
0.777935266494751
0.5611890554428101
0.43881094455718994
0.0030214637517929077
0.9969785213470459
0.0005176355480216444
0.9994823932647705
0.0014342928770929575
0.9985657334327698
0.008684700354933739
0.9913152456283569
0.0007284866878762841
0.9992715716362
0.05910651758313179
0.9408934712409973
0.2884993255138397
0.7115007042884827
0.0005165560869500041
0.9994834661483765
0.05730348080396652
0.9426965713500977
0.017280438914895058
0.9827195405960083
0.49063706398010254
0.5093628764152527
0.0005432487814687192
0.9994567036628723
0.39129120111465454
0.6087087392807007
0.005640828050673008
0.9943591952323914
0.25244301557540894
0.7475570440292358
0.3578246235847473
0.6421753168106079
0.8573331832885742
0.14266683161258698
0.0018735951744019985
0.9981264472007751
0.03572838753461838
0.9642716646194458
0.09750893712043762
0.90249103307724
0.4456503987312317
0.5543496012687683
0.607265055179596
0.39273497462272644
0.41960570216178894
0.5803943872451782
0.5410839319229126
0.4589160978794098
0.0992095023393631
0.9007905125617981
0.9988375306129456
0.0011625317856669426
0.11751896888017654
0.882481038570404
0.6028875112533569
0.39711248874664307
0.23560592532157898
0.7643940448760986
0.00075532216578722
0.9992446899414062
0.8993812203407288
0.10061869770288467
0.015796300023794174
0.9842036962509155
0.01343520637601614
0.9865648746490479
0.3377845585346222
0.6622153520584106
0.8609802722930908
0.13901972770690918
0.5011106133460999
0.49888938665390015
0.4334655702114105
0.5665344595909119
0.16178585588932037
0.838214099407196
0.05158646032214165
0.9484135508537292
0.2729484438896179
0.7270516157150269
0.0006322085973806679
0.9993677735328674
0.0876426249742508
0.9123573899269104
0.001223648781888187
0.998776376247406
0.1904512643814087
0.8095487356185913
0.023899655789136887
0.9761003255844116
0.10779795795679092
0.8922019600868225
0.038784150034189224
0.9612159132957458
0.8267199993133545
0.1732800006866455
0.9021546840667725
0.09784524887800217
0.32075852155685425
0.6792414784431458
0.367188423871994
0.6328115463256836
0.214485764503479
0.785514235496521
0.9957221746444702
0.004277857020497322
0.7140833735466003
0.28591665625572205
0.37040475010871887
0.6295952796936035
0.18439435958862305
0.8156057000160217
0.22420178353786469
0.7757982015609741
0.6333490610122681
0.36665087938308716
0.0005051677580922842
0.9994947910308838
0.3726328909397125
0.6273671388626099
0.0400407649576664
0.9599592685699463
0.03289848193526268
0.9671015739440918
0.0019021437037736177
0.998097836971283
0.21059435606002808
0.7894056439399719
0.30606770515441895
0.693932294845581
0.15395766496658325
0.8460423350334167
0.6702098846435547
0.3297900855541229
0.5113394856452942
0.48866045475006104
0.337598979473114
0.662401020526886
0.09739304333925247
0.9026069641113281
0.0012889489298686385
0.998711109161377
0.0004722877638414502
0.9995276927947998
0.46095067262649536
0.5390493273735046
0.25770142674446106
0.7422986030578613
0.5027797818183899
0.4972202479839325
0.13425993919372559
0.8657400608062744
0.9975534081459045
0.0024466130416840315
0.9984538555145264
0.0015460837166756392
0.01799059845507145
0.9820094108581543
0.06543004512786865
0.9345698952674866
0.9930908679962158
0.006909077055752277
0.25996696949005127
0.7400330901145935
0.1038411557674408
0.8961588740348816
0.05070095881819725
0.9492990374565125
0.5330865383148193
0.46691352128982544
0.0018970572855323553
0.9981029033660889
0.7252655625343323
0.27473440766334534
0.27739793062210083
0.7226020693778992
0.005279480013996363
0.994720458984375
0.2551850974559784
0.7448148727416992
0.7650384902954102
0.23496153950691223
0.0004260098503436893
0.9995740056037903
0.03527776524424553
0.964722216129303
0.0010628636227920651
0.99893718957901
0.001268000341951847
0.9987320303916931
0.0006809799815528095
0.9993190765380859
0.062258925288915634
0.9377411007881165
0.05162836238741875
0.9483716487884521
0.004873407538980246
0.9951266050338745
0.13681912422180176
0.863180935382843
0.3918421268463135
0.6081578135490417
0.3106376826763153
0.6893622875213623
0.0006351824849843979
0.9993647933006287
0.00432610884308815
0.9956738352775574
0.0004714210517704487
0.9995286464691162
0.4485572576522827
0.5514427423477173
0.0009449012577533722
0.9990550875663757
0.004109564702957869
0.9958904385566711
0.020818162709474564
0.9791818857192993
0.9946715235710144
0.005328471306711435
0.22829483449459076
0.771705150604248
0.013972420245409012
0.9860275983810425
0.2655419707298279
0.7344580292701721
0.036165136843919754
0.9638349413871765
0.4392211139202118
0.5607789158821106
0.22681206464767456
0.7731879353523254
0.17501427233219147
0.8249858021736145
0.11678403615951538
0.8832160234451294
0.13655996322631836
0.8634399771690369
0.00595258129760623
0.9940474033355713
0.9988037347793579
0.0011963107390329242
0.02167529985308647
0.9783247113227844
0.32837507128715515
0.6716249585151672
0.02815549261868
0.971844494342804
0.3528325855731964
0.647167444229126
0.2135840207338333
0.7864159941673279
0.03661974146962166
0.9633802771568298
0.00045313170994631946
0.9995468258857727
0.007596636191010475
0.9924033880233765
0.0011856253258883953
0.9988143444061279
0.3897203207015991
0.6102796792984009
0.07829347997903824
0.9217065572738647
0.643120527267456
0.35687950253486633
0.000579155923333019
0.9994208812713623
0.18749400973320007
0.8125059604644775
0.018120283260941505
0.981879711151123
0.15798228979110718
0.8420177102088928
0.0007239421829581261
0.9992761015892029
0.6154364347457886
0.3845635950565338
0.1569785624742508
0.8430214524269104
0.3704153597354889
0.6295846104621887
0.2706746757030487
0.7293253540992737
0.04453946277499199
0.9554605484008789
0.9989205598831177
0.0010794166009873152
0.0015030376380309463
0.9984970092773438
0.2149188220500946
0.785081148147583
0.0008114691590890288
0.9991884827613831
0.00068571389419958
0.9993143081665039
0.012082631699740887
0.9879173636436462
0.0010195907671004534
0.9989803433418274
0.15879954397678375
0.8412005305290222
0.4458463490009308
0.5541536808013916
0.003974846098572016
0.9960252046585083
0.0005185362533666193
0.9994814991950989
0.0006011345540173352
0.9993988275527954
0.0027909744530916214
0.9972090125083923
0.46405646204948425
0.5359435677528381
0.10573334991931915
0.8942667245864868
0.9979251623153687
0.002074779709801078
0.20998600125312805
0.7900139689445496
0.30044853687286377
0.6995514035224915
0.005425388924777508
0.9945746064186096
0.9978479146957397
0.0021521183662116528
0.003758128499612212
0.9962419271469116
0.0764956846833229
0.9235042929649353
0.0014514949871227145
0.9985484480857849
0.5532811880111694
0.44671887159347534
0.2603273093700409
0.7396727800369263
0.050826139748096466
0.9491738677024841
0.019034085795283318
0.9809658527374268
0.0010336068226024508
0.9989664554595947
0.9969989061355591
0.003001101315021515
0.2800613343715668
0.7199386954307556
0.009454064071178436
0.9905459880828857
0.6119484305381775
0.3880515694618225
0.9905087947845459
0.009491185657680035
0.27979445457458496
0.7202054858207703
0.9985193610191345
0.0014806675026193261
0.9387842416763306
0.06121579185128212
0.38518157601356506
0.6148185133934021
0.013415323570370674
0.9865846633911133
0.18084833025932312
0.8191516995429993
0.0752301886677742
0.9247697591781616
0.0007144409464672208
0.9992856383323669
0.219186469912529
0.7808135747909546
0.35912203788757324
0.6408779621124268
0.0009445106261409819
0.9990554451942444
0.16793571412563324
0.8320642709732056
0.07224134355783463
0.9277586340904236
0.08770836889743805
0.9122915863990784
0.6459977626800537
0.3540022075176239
0.1014188900589943
0.8985811471939087
0.12069346755743027
0.8793065547943115
0.8325561285018921
0.1674439013004303
0.004878775682300329
0.9951211810112
0.10633038729429245
0.8936696648597717
0.1361304223537445
0.8638695478439331
0.006328448187559843
0.9936715364456177
0.36552903056144714
0.6344709396362305
0.726755678653717
0.27324435114860535
0.9976871013641357
0.0023128539323806763
0.1780068427324295
0.8219931721687317
0.0143412621691823
0.9856587052345276
0.2425416260957718
0.7574583292007446
0.059037916362285614
0.9409620761871338
0.001318662310950458
0.998681366443634
0.000534387188963592
0.9994656443595886
0.021388230845332146
0.9786117672920227
0.22341114282608032
0.7765888571739197
0.2125679850578308
0.7874320149421692
0.2574175000190735
0.7425824403762817
0.0041513266041874886
0.9958486557006836
0.8847217559814453
0.1152782142162323
0.016606643795967102
0.9833933711051941
0.147047221660614
0.852952778339386
0.26131993532180786
0.7386800646781921
0.014247404411435127
0.9857526421546936
0.3815879225730896
0.6184120774269104
0.011976267211139202
0.9880237579345703
0.3377196490764618
0.6622803211212158
0.6832389235496521
0.3167610466480255
0.0010210045147687197
0.9989789724349976
0.9984760880470276
0.001523887855000794
0.3019244074821472
0.6980755925178528
0.09967038035392761
0.9003296494483948
0.023493103682994843
0.9765068888664246
0.5023296475410461
0.49767038226127625
0.0008599983993917704
0.9991400241851807
0.42007866501808167
0.5799213647842407
0.02695147879421711
0.9730484485626221
0.24318161606788635
0.7568183541297913
0.0012522116303443909
0.9987478256225586
0.04426763579249382
0.9557323455810547
0.021740255877375603
0.978259801864624
0.9284628629684448
0.07153709977865219
0.5472076535224915
0.45279237627983093
0.7032034397125244
0.296796590089798
0.09425473213195801
0.905745267868042
0.35421866178512573
0.6457813382148743
0.11872987449169159
0.881270170211792
0.3937109112739563
0.6062890291213989
0.0706760510802269
0.9293239712715149
0.3532258868217468
0.6467740535736084
0.16511251032352448
0.8348875045776367
0.06044254079461098
0.9395574927330017
0.6297217607498169
0.3702782392501831
0.00900282058864832
0.9909971952438354
0.46050599217414856
0.539493978023529
0.3518967926502228
0.6481032371520996
0.2365160435438156
0.7634839415550232
0.12369851768016815
0.8763014674186707
0.5829293131828308
0.4170706570148468
0.0012639621272683144
0.9987360835075378
0.7119819521903992
0.28801801800727844
0.0006300411187112331
0.9993700385093689
0.10623665153980255
0.8937633633613586
0.004128789063543081
0.9958712458610535
0.08240431547164917
0.917595624923706
0.07215356826782227
0.9278464913368225
0.5774456262588501
0.4225543737411499
0.0007763440371491015
0.9992235898971558
0.008070908486843109
0.9919290542602539
0.21288619935512543
0.7871137857437134
0.5414342284202576
0.45856574177742004
0.12337908148765564
0.876620888710022
0.12889930605888367
0.871100664138794
0.009559499099850655
0.9904404878616333
0.020283229649066925
0.9797167181968689
0.4113491177558899
0.5886508822441101
0.5645884871482849
0.4354115128517151
0.024505699053406715
0.9754942655563354
0.9985822439193726
0.001417770516127348
0.0005077428068034351
0.9994922876358032
0.5191248059272766
0.4808752238750458
0.004738192074000835
0.9952617883682251
0.0020882226526737213
0.9979117512702942
0.000642423692625016
0.9993575215339661
0.9974793791770935
0.0025206233840435743
0.0716751366853714
0.9283248782157898
0.0007524735410697758
0.9992475509643555
0.23573023080825806
0.7642697691917419
0.9895439147949219
0.010456077754497528
0.0004842604394070804
0.9995157718658447
0.9990863800048828
0.0009135872242040932
0.4966616928577423
0.5033382177352905
0.17269636690616608
0.8273035883903503
0.012475264258682728
0.9875247478485107
0.469740092754364
0.530259907245636
0.7087068557739258
0.2912931740283966
0.046282943338155746
0.953717052936554
0.1718590259552002
0.828140914440155
0.9684180021286011
0.03158203139901161
0.005053343717008829
0.9949466586112976
0.0020580003038048744
0.9979420304298401
0.259930819272995
0.7400692105293274
0.826183021068573
0.17381693422794342
0.3285294473171234
0.671470582485199
0.03734883293509483
0.9626511931419373
0.07870995253324509
0.9212899804115295
0.08238470554351807
0.9176152944564819
0.19862724840641022
0.801372766494751
0.6674436926841736
0.3325563073158264
0.9986771941184998
0.0013227465096861124
0.6157440543174744
0.38425594568252563
0.5959721803665161
0.4040278196334839
0.002264734823256731
0.9977352619171143
0.1642148643732071
0.8357850909233093
0.09947072714567184
0.9005293250083923
0.0006704092957079411
0.9993295669555664
0.09374050796031952
0.9062594771385193
0.548883855342865
0.4511162340641022
0.0006553308921866119
0.9993446469306946
0.25176167488098145
0.7482382655143738
0.9988481998443604
0.001151791773736477
0.5595859289169312
0.44041410088539124
0.5673094391822815
0.43269065022468567
0.3788946866989136
0.6211052536964417
0.19506755471229553
0.8049324154853821
0.02603684738278389
0.9739631414413452
0.0006001581787131727
0.9993997812271118
0.8216686844825745
0.17833125591278076
0.0017138686962425709
0.9982860684394836
0.13536542654037476
0.86463463306427
0.0030400401446968317
0.9969600439071655
0.11881352216005325
0.8811864852905273
0.9990134239196777
0.0009865108877420425
0.007615272421389818
0.992384672164917
0.001587229548022151
0.9984127283096313
0.3217777907848358
0.6782221794128418
0.9955530762672424
0.004446939565241337
0.27647462487220764
0.72352534532547
0.9986270666122437
0.0013729084748774767
0.0005483446875587106
0.9994516968727112
0.00044979475205764174
0.9995501637458801
0.00046603623195551336
0.999534010887146
0.00045404487173072994
0.9995458722114563
0.9497969746589661
0.05020299181342125
0.0008142926380969584
0.9991857409477234
0.07937455922365189
0.9206253886222839
0.11547074466943741
0.8845292329788208
0.0004660397826228291
0.999534010887146
0.07637165486812592
0.9236283898353577
0.2539479434490204
0.746052086353302
0.00046582415234297514
0.9995342493057251
0.09033361077308655
0.9096664190292358
0.2178986370563507
0.7821013331413269
0.0007859130273573101
0.9992140531539917
0.017500119283795357
0.9824999570846558
0.0013004632201045752
0.9986995458602905
0.0007327134953811765
0.9992672801017761
0.012771837413311005
0.9872281551361084
0.1995629519224167
0.8004370331764221
0.003102552378550172
0.9968974590301514
0.0008598865824751556
0.9991401433944702
0.5670307874679565
0.43296921253204346
0.33310163021087646
0.6668983697891235
0.11257398128509521
0.88742595911026
0.0012110307579860091
0.9987890124320984
0.4899440109729767
0.5100560188293457
0.9102537035942078
0.08974624425172806
0.00599270174279809
0.9940073490142822
0.2589028775691986
0.7410972118377686
0.0005764048546552658
0.999423623085022
0.043812815099954605
0.9561871886253357
0.9941960573196411
0.0058038798160851
0.10900968313217163
0.8909903168678284
0.0005839098012074828
0.9994161128997803
0.002360936254262924
0.9976390600204468
0.36927270889282227
0.6307272911071777
0.3316555619239807
0.6683444380760193
0.14973050355911255
0.8502694368362427
0.9982176423072815
0.0017822751542553306
0.004878775682300329
0.9951211810112
0.09923694282770157
0.9007630348205566
0.10292312502861023
0.8970768451690674
0.517803430557251
0.4821966290473938
0.04118270426988602
0.9588173031806946
0.14250798523426056
0.8574920296669006
0.4964483976364136
0.5035516023635864
0.2859181761741638
0.7140817642211914
0.007186081726104021
0.9928138852119446
0.0013645439175888896
0.998635470867157
0.0007119085057638586
0.9992881417274475
0.0007436404703184962
0.9992563128471375
0.5444497466087341
0.45555025339126587
0.23548460006713867
0.7645153403282166
0.038167696446180344
0.9618322849273682
0.2475094348192215
0.7524905204772949
0.004724235273897648
0.9952757358551025
0.009677927941083908
0.9903220534324646
0.7005652785301208
0.29943472146987915
0.10770247876644135
0.8922975659370422
0.0007674324442632496
0.9992325305938721
0.9964202642440796
0.003579807933419943
0.0010861647315323353
0.9989138841629028
0.016595887020230293
0.9834040999412537
0.0022624493576586246
0.9977375268936157
0.0004902842920273542
0.9995096921920776
0.004799975547939539
0.9952000379562378
0.05442851409316063
0.9455714821815491
0.0014925969298928976
0.9985073208808899
0.11316961795091629
0.8868303298950195
0.123343326151371
0.876656711101532
0.9973036050796509
0.0026964163407683372
0.04936308041214943
0.9506368637084961
0.9005240797996521
0.09947594255208969
0.0004714174719993025
0.9995286464691162
0.24507929384708405
0.7549207210540771
0.28058990836143494
0.7194101214408875
0.01641683839261532
0.9835831522941589
0.0067148106172680855
0.9932851791381836
0.24032454192638397
0.7596754431724548
0.0007715968531556427
0.9992283582687378
0.01761617884039879
0.9823838472366333
0.15817083418369293
0.8418291807174683
0.0011916437651962042
0.9988083839416504
0.19061030447483063
0.8093897104263306
0.9985613226890564
0.0014386798720806837
0.90036541223526
0.09963466227054596
0.003693453036248684
0.9963065385818481
0.9465205073356628
0.05347948148846626
0.31665098667144775
0.6833490133285522
0.0012657251209020615
0.9987342953681946
0.0035844556987285614
0.9964154958724976
0.21321183443069458
0.7867881655693054
0.12106803804636002
0.878931999206543
0.7426972389221191
0.25730276107788086
0.7467212677001953
0.2532787024974823
0.032767001539468765
0.9672330021858215
0.02518017403781414
0.9748197793960571
0.0012934518745169044
0.998706579208374
0.003732261247932911
0.9962677359580994
0.2935149669647217
0.7064850330352783
0.6135892271995544
0.38641074299812317
0.022597676143050194
0.9774022698402405
0.9987382292747498
0.0012618053006008267
0.10625121742486954
0.8937487602233887
0.0024960199370980263
0.997503936290741
0.016633283346891403
0.9833667278289795
0.0007465211092494428
0.9992534518241882
0.02575007639825344
0.9742498397827148
0.23193223774433136
0.7680677771568298
0.3301297724246979
0.6698701977729797
0.07312754541635513
0.9268724322319031
0.0011549531482160091
0.9988449811935425
0.004134759306907654
0.9958652257919312
0.03150862455368042
0.9684913158416748
0.004112602211534977
0.9958874583244324
0.19450834393501282
0.8054916858673096
0.0005220772582106292
0.9994779229164124
0.18539121747016907
0.8146087527275085
0.09020070731639862
0.909799337387085
0.1774788647890091
0.8225210905075073
0.3281345069408417
0.6718654632568359
0.0024462591391056776
0.9975537657737732
0.011997172608971596
0.9880027770996094
0.18823117017745972
0.8117688298225403
0.06307318061590195
0.9369267821311951
0.010673890821635723
0.9893261194229126
0.027139514684677124
0.9728604555130005
0.2447679191827774
0.7552321553230286
0.00619302224367857
0.9938068985939026
0.0007243862492032349
0.9992756247520447
0.03285321220755577
0.9671468138694763
0.5302286744117737
0.46977126598358154
0.08573615550994873
0.914263904094696
0.004634563345462084
0.9953653812408447
0.005056012887507677
0.9949440360069275
0.0007076949113979936
0.999292254447937
0.0035056467168033123
0.9964943528175354
0.2540072202682495
0.7459927797317505
0.8727072477340698
0.1272927224636078
0.0007528451387770474
0.9992471933364868
0.14559078216552734
0.8544091582298279
0.001315022585913539
0.9986849427223206
0.9250052571296692
0.07499471306800842
0.9989674091339111
0.0010326033225283027
0.9990193843841553
0.0009805732406675816
0.34185248613357544
0.6581475734710693
0.46436023712158203
0.5356398224830627
0.42100027203559875
0.5789998173713684
0.0005975451786071062
0.9994024038314819
0.04431922733783722
0.9556807279586792
0.4326716959476471
0.5673282742500305
0.0007307349005714059
0.9992693066596985
0.16755816340446472
0.8324418663978577
0.0006675638142041862
0.9993323683738708
0.3246518671512604
0.675348162651062
0.0020964990835636854
0.9979034662246704
0.016050009056925774
0.9839500188827515
0.18071715533733368
0.8192828893661499
0.00045857971417717636
0.9995414018630981
0.2327495515346527
0.7672504782676697
0.11571482568979263
0.8842852115631104
0.40542057156562805
0.5945793986320496
0.0004965232219547033
0.999503493309021
0.023691589012742043
0.9763084053993225
0.009875966235995293
0.9901240468025208
0.030806273221969604
0.969193696975708
0.0013983886456117034
0.9986016154289246
0.2629966735839844
0.7370033264160156
0.9977620840072632
0.002237859182059765
0.06678147614002228
0.9332185387611389
0.09266896545886993
0.9073309898376465
0.13118211925029755
0.868817925453186
0.001925686839967966
0.9980742931365967
0.0008395598852075636
0.9991604089736938
0.05022701248526573
0.9497730135917664
0.0024599663447588682
0.9975399971008301
0.09004945307970047
0.9099504947662354
0.23329004645347595
0.7667100429534912
0.8406985402107239
0.15930140018463135
0.003162032924592495
0.9968379735946655
0.3049795925617218
0.6950203776359558
0.43121537566185
0.5687846541404724
0.0027830919716507196
0.9972169399261475
0.5594225525856018
0.4405774176120758
0.02170695923268795
0.9782930016517639
0.0004773246473632753
0.9995226860046387
0.07690469175577164
0.9230952858924866
0.2065962553024292
0.7934037446975708
0.05085533857345581
0.9491446614265442
0.2502453625202179
0.7497546076774597
0.8677964210510254
0.13220354914665222
0.05625510588288307
0.943744957447052
0.49389028549194336
0.5061096549034119
0.9990026354789734
0.0009973348351195455
0.003193537937477231
0.9968065023422241
0.15954077243804932
0.8404592871665955
0.05717425420880318
0.9428257346153259
0.0967036709189415
0.9032963514328003
0.9990014433860779
0.000998585601337254
0.15382026135921478
0.846179723739624
0.9982576966285706
0.0017423575045540929
0.3285137116909027
0.6714862585067749
0.2818101644515991
0.7181898355484009
0.47841396927833557
0.521586000919342
0.4193853437900543
0.5806146860122681
0.0020886955317109823
0.997911274433136
0.997943103313446
0.0020568850450217724
0.1615731120109558
0.8384268879890442
0.044922396540641785
0.955077588558197
0.17016306519508362
0.829836905002594
0.4323974549770355
0.5676026344299316
0.1005755066871643
0.8994245529174805
0.42594897747039795
0.574051022529602
0.5120244026184082
0.4879755973815918
0.0004365567583590746
0.9995633959770203
0.014792034402489662
0.9852079153060913
0.015032269060611725
0.9849677681922913
0.4756067097187042
0.5243933200836182
0.0035047491546720266
0.9964953064918518
0.15252424776554108
0.8474757075309753
0.7314072251319885
0.26859283447265625
0.000999480253085494
0.9990004897117615
0.0005193870747461915
0.999480664730072
0.0005147644551470876
0.9994852542877197
0.001067590550519526
0.998932421207428
0.37472668290138245
0.6252732872962952
0.13171346485614777
0.8682864904403687
0.17253966629505157
0.8274602890014648
0.1624850630760193
0.8375149369239807
0.0005684843054041266
0.9994314312934875
0.0045103710144758224
0.9954896569252014
0.02502766065299511
0.9749723076820374
0.8034003376960754
0.19659970700740814
0.03280700743198395
0.9671930074691772
0.0009664720855653286
0.9990335702896118
0.5071718096733093
0.4928281903266907
0.1869700849056244
0.813029944896698
0.2901231348514557
0.7098768949508667
0.09879051893949509
0.9012094140052795
0.9986699819564819
0.0013300032587721944
0.003929624799638987
0.996070384979248
0.2752698063850403
0.7247301340103149
0.0006517929723486304
0.9993482232093811
0.06840664893388748
0.9315933585166931
0.005294401198625565
0.9947056174278259
0.008361106738448143
0.9916389584541321
0.11269974708557129
0.8873003125190735
0.5617643594741821
0.43823564052581787
0.001517941360361874
0.9984820485115051
0.996334433555603
0.0036655610892921686
0.2838301658630371
0.7161698937416077
0.9985247254371643
0.0014753002906218171
0.004239233676344156
0.9957607388496399
0.2001868039369583
0.7998132109642029
0.04788878560066223
0.9521111845970154
0.0007717336411587894
0.9992282390594482
0.10291944444179535
0.8970805406570435
0.0018480063881725073
0.998151957988739
0.006008731201291084
0.9939911961555481
0.7270405888557434
0.272959440946579
0.024042047560214996
0.9759579300880432
0.03209218755364418
0.9679077863693237
0.06061917543411255
0.9393808245658875
0.0020469771698117256
0.997952938079834
0.006212661042809486
0.993787407875061
0.9985731840133667
0.0014267993392422795
0.004385131876915693
0.9956148862838745
0.024696895852684975
0.975303053855896
0.0017495052888989449
0.998250424861908
0.20338083803653717
0.7966191172599792
0.041244640946388245
0.958755373954773
0.05667074769735336
0.9433292150497437
0.001811802270822227
0.9981881976127625
0.24954324960708618
0.750456690788269
0.9538684487342834
0.04613151773810387
0.0006146787200123072
0.9993853569030762
0.003026623511686921
0.9969733953475952
0.013821467757225037
0.9861785173416138
0.0005091882776468992
0.9994907379150391
0.0005025017308071256
0.9994975328445435
0.015442696399986744
0.9845572710037231
0.006074948236346245
0.9939250349998474
0.5601271986961365
0.4398728311061859
0.9989457726478577
0.0010542646050453186
0.0038561879191547632
0.9961438179016113
0.34587225317955017
0.6541276574134827
0.010303140617907047
0.9896968603134155
0.0723332092165947
0.9276667833328247
0.7392762303352356
0.2607237696647644
0.009486510418355465
0.9905134439468384
0.012903092429041862
0.987096905708313
0.001450942363590002
0.9985490441322327
0.0006764528225176036
0.9993236064910889
0.001049006707035005
0.9989509582519531
0.24302862584590912
0.7569714188575745
0.05475270003080368
0.9452473521232605
0.3509828448295593
0.6490170955657959
0.01756993681192398
0.982430100440979
0.16127167642116547
0.8387283682823181
0.015310423448681831
0.9846895933151245
0.6964365243911743
0.3035634458065033
0.0006152475834824145
0.9993847608566284
0.038791097700595856
0.9612089395523071
0.34645935893058777
0.6535407304763794
0.0028349158819764853
0.9971650242805481
0.0006849761120975018
0.9993150234222412
0.0005162124871276319
0.9994837045669556
0.588500440120697
0.411499559879303
0.03043251484632492
0.9695675373077393
0.0026631737127900124
0.9973368048667908
0.0017292052507400513
0.9982707500457764
0.5476222634315491
0.45237767696380615
0.020957382395863533
0.979042649269104
0.4317375421524048
0.56826251745224
0.737047016620636
0.26295292377471924
