0.15276484191417694
0.8472351431846619
0.9977276921272278
0.002272284124046564
0.22365455329418182
0.776345431804657
0.996716320514679
0.0032836319878697395
0.04346152022480965
0.9565384387969971
0.6020835041999817
0.39791643619537354
0.005184589885175228
0.9948154091835022
0.14785896241664886
0.8521410822868347
0.0389426127076149
0.9610574245452881
0.14041905105113983
0.859580934047699
0.07522133737802505
0.9247786402702332
0.036798831075429916
0.9632012248039246
0.008183683268725872
0.9918163418769836
0.00211494043469429
0.9978850483894348
0.3525841534137726
0.647415816783905
0.029742557555437088
0.9702574014663696
0.024741167202591896
0.9752588272094727
0.03128476068377495
0.968715250492096
0.2850549519062042
0.7149450182914734
0.0007482361979782581
0.9992517828941345
0.030464425683021545
0.9695355892181396
0.04073541611433029
0.9592646360397339
0.2692941427230835
0.7307057976722717
0.32709407806396484
0.6729059219360352
0.16057957708835602
0.8394204378128052
0.4948878884315491
0.5051121711730957
0.0028222159016877413
0.9971778392791748
0.12001660466194153
0.8799833655357361
0.0674249529838562
0.9325751066207886
0.004849388729780912
0.9951505661010742
0.12128368765115738
0.8787162899971008
0.392036497592926
0.6079634428024292
0.05104248598217964
0.9489575028419495
0.21346722543239594
0.7865327596664429
0.10578035563230515
0.8942196369171143
0.8954120874404907
0.10458797961473465
0.21422363817691803
0.7857764363288879
0.013049495406448841
0.9869505763053894
0.26200079917907715
0.7379992008209229
0.09563562273979187
0.9043643474578857
0.04031779244542122
0.9596822261810303
0.016762541607022285
0.9832374453544617
0.16336998343467712
0.8366299867630005
0.0012008087942376733
0.998799204826355
0.005189447198063135
0.9948105812072754
0.0006605358794331551
0.9993394017219543
0.09470391273498535
0.9052961468696594
0.0007221482810564339
0.9992778897285461
0.0005481395055539906
0.9994518160820007
0.0028384753968566656
0.9971615076065063
0.05863550305366516
0.9413644671440125
0.3198237717151642
0.6801762580871582
0.046152714639902115
0.9538472890853882
0.0015462406445294619
0.9984537363052368
0.0465414859354496
0.9534584879875183
0.00220060208812356
0.9977993369102478
0.37332072854042053
0.6266793012619019
0.5365708470344543
0.46342912316322327
0.4079703688621521
0.5920296907424927
0.2965563237667084
0.7034436464309692
0.002340913051739335
0.9976590871810913
0.0010968036949634552
0.9989031553268433
0.001809856854379177
0.9981901049613953
0.006458937656134367
0.9935410022735596
0.017569391056895256
0.982430636882782
0.19026358425617218
0.809736430644989
0.010482145473361015
0.989517867565155
0.000646899628918618
0.9993531107902527
0.10679874569177628
0.8932011723518372
0.2573826014995575
0.7426174283027649
0.34042784571647644
0.6595720648765564
0.05321533977985382
0.9467846751213074
0.9493522047996521
0.050647761672735214
0.025913510471582413
0.9740865230560303
0.20132435858249664
0.7986755967140198
0.05366358160972595
0.9463363885879517
0.5102060437202454
0.48979392647743225
0.018195893615484238
0.9818041324615479
0.5152751803398132
0.48472481966018677
0.0976039245724678
0.9023960828781128
0.3441118001937866
0.6558881998062134
0.5818818807601929
0.41811805963516235
0.07653335481882095
0.9234665632247925
0.9988262057304382
0.001173808821476996
0.08464425057172775
0.9153556823730469
0.272623211145401
0.7273767590522766
0.12749093770980835
0.8725090026855469
0.09875421226024628
0.9012457728385925
0.006975600030273199
0.9930243492126465
0.0012515127891674638
0.9987484216690063
0.031948190182447433
0.9680517315864563
0.03967544063925743
0.9603245854377747
0.0029914251063019037
0.9970086216926575
0.1576506495475769
0.8423492908477783
0.005063307471573353
0.9949367046356201
0.15730814635753632
0.8426918387413025
0.09018603712320328
0.9098140001296997
0.21475839614868164
0.7852416038513184
0.20517854392528534
0.7948215007781982
0.09188148379325867
0.9081185460090637
0.05086509510874748
0.949134886264801
0.010770821943879128
0.9892292022705078
0.015636887401342392
0.9843631386756897
0.11961667984724045
0.880383312702179
0.0007201802218332887
0.999279797077179
0.0009876508265733719
0.9990123510360718
0.09733987599611282
0.902660071849823
0.4452305734157562
0.5547693967819214
0.03375164419412613
0.9662483930587769
0.0034671216271817684
0.9965327978134155
0.9990946054458618
0.000905390887055546
0.005911164451390505
0.994088888168335
0.25755956768989563
0.742440402507782
0.00139048311393708
0.9986095428466797
0.4064660966396332
0.5935338735580444
0.01733604446053505
0.9826639294624329
0.051164206117391586
0.9488357901573181
0.13556012511253357
0.864439845085144
0.04090060293674469
0.9590994715690613
0.9989596605300903
0.0010403830092400312
0.005163515917956829
0.9948364496231079
0.4716157913208008
0.5283841490745544
0.775346577167511
0.22465339303016663
0.2142678052186966
0.7857322096824646
0.4025018513202667
0.5974981188774109
0.9568359851837158
0.04316402226686478
0.9955394864082336
0.004460470750927925
0.009062039665877819
0.9909379482269287
0.004206250421702862
0.9957937002182007
0.06632492691278458
0.9336750507354736
0.29565078020095825
0.7043492794036865
0.5116968750953674
0.4883030652999878
0.01657041162252426
0.9834295511245728
0.017965376377105713
0.9820345640182495
0.9987300038337708
0.0012699448270723224
0.010702235624194145
0.9892977476119995
0.26330748200416565
0.7366925477981567
0.5258631706237793
0.4741367995738983
0.0029741839971393347
0.9970257878303528
0.9098439812660217
0.09015602618455887
0.050984084606170654
0.9490159153938293
0.03544817864894867
0.9645518660545349
0.028273766860365868
0.9717261791229248
0.0025126191321760416
0.9974874258041382
0.538726270198822
0.46127375960350037
0.002708642277866602
0.9972913861274719
0.45165422558784485
0.5483458042144775
0.2460656762123108
0.7539343237876892
0.04491177946329117
0.9550882577896118
0.07830579578876495
0.9216942191123962
0.9984734654426575
0.0015265712281689048
0.0423806756734848
0.957619309425354
0.024266455322504044
0.9757335782051086
0.9987969398498535
0.0012030814541503787
0.2149188220500946
0.785081148147583
0.3586319386959076
0.64136803150177
0.08276142179965973
0.9172385334968567
0.15937261283397675
0.8406273722648621
0.3928210437297821
0.6071789264678955
0.1315334588289261
0.8684665560722351
0.061276569962501526
0.9387234449386597
0.02836570516228676
0.9716343283653259
0.024870220571756363
0.9751298427581787
0.008985428139567375
0.9910145401954651
0.07729487866163254
0.9227050542831421
0.0008979004924185574
0.9991021156311035
0.010091450065374374
0.9899085760116577
0.007864017970860004
0.9921360015869141
0.9980733394622803
0.0019266200251877308
0.9978991746902466
0.0021008343901485205
0.15924900770187378
0.8407509922981262
0.9987769722938538
0.0012230357388034463
0.2758741080760956
0.7241259217262268
0.999029278755188
0.0009706846321932971
0.996222972869873
0.0037769684568047523
0.9987220168113708
0.0012779879616573453
0.09847823530435562
0.9015218019485474
0.0013059537159278989
0.998694121837616
0.00256029493175447
0.9974397420883179
0.004560302942991257
0.9954397082328796
0.0012153290444985032
0.9987847208976746
0.0021056723780930042
0.9978943467140198
0.002613901626318693
0.9973861575126648
0.02012963406741619
0.9798703193664551
0.0023744713980704546
0.9976255297660828
0.9984257221221924
0.0015743380645290017
0.9918972253799438
0.00810278207063675
0.9989038705825806
0.0010961018269881606
0.029213499277830124
0.9707865118980408
0.21643979847431183
0.7835602760314941
0.0019067797111347318
0.9980931878089905
0.005426387768238783
0.9945736527442932
0.004626111127436161
0.9953739047050476
0.07446783035993576
0.9255321621894836
0.9988512992858887
0.001148668467067182
0.09159965813159943
0.908400297164917
0.09788302332162857
0.9021169543266296
0.009653995744884014
0.9903460144996643
0.02698473259806633
0.973015308380127
0.9987170696258545
0.0012829058105126023
0.9068959355354309
0.09310401231050491
0.9985209107398987
0.0014791249996051192
0.7092621326446533
0.2907378077507019
0.022454719990491867
0.9775452613830566
0.013578912243247032
0.9864211082458496
0.9981277585029602
0.001872277702204883
0.9973464012145996
0.0026535375509411097
0.956749677658081
0.043250299990177155
0.5648890733718872
0.43511101603507996
0.7884039878845215
0.2115960270166397
0.9988652467727661
0.0011347780236974359
0.2081965208053589
0.7918034195899963
0.026010677218437195
0.9739893674850464
0.029354766011238098
0.9706451892852783
0.0007325166370719671
0.9992675185203552
0.9991201758384705
0.0008798321359790862
0.09536933898925781
0.904630720615387
0.2123679220676422
0.7876321077346802
0.9946190118789673
0.005380996037274599
0.004327910952270031
0.9956721067428589
0.0008823692332953215
0.9991176724433899
0.937413215637207
0.06258680671453476
0.9980113506317139
0.00198866194114089
0.004132282454520464
0.9958677291870117
0.048208072781562805
0.9517919421195984
0.9988002777099609
0.0011996643152087927
0.8550703525543213
0.14492958784103394
0.5920291543006897
0.4079708755016327
0.014395813457667828
0.9856041669845581
0.034262143075466156
0.9657378792762756
0.6189550161361694
0.38104501366615295
0.035998743027448654
0.9640012979507446
0.6808933615684509
0.31910669803619385
0.03395988419651985
0.9660400748252869
0.3223043978214264
0.6776955723762512
0.9972475171089172
0.002752510365098715
0.9988794922828674
0.0011205555638298392
0.0005729570984840393
0.999427080154419
0.013712972402572632
0.9862870573997498
0.9006132483482361
0.0993867889046669
0.9987353682518005
0.0012646400136873126
0.9974683523178101
0.002531718462705612
0.9986585378646851
0.001341390423476696
0.42591965198516846
0.5740802884101868
0.1615929752588272
0.838407039642334
0.001052306848578155
0.9989476799964905
0.08693370968103409
0.9130662679672241
0.44551166892051697
0.5544883608818054
0.32862231135368347
0.6713777184486389
0.3939467668533325
0.6060532331466675
0.4681732654571533
0.5318267941474915
0.0018135779537260532
0.9981864094734192
0.025827674195170403
0.9741723537445068
0.028312645852565765
0.971687376499176
0.01996501535177231
0.9800350666046143
0.035467926412820816
0.9645320773124695
0.019376734271645546
0.9806232452392578
0.21026673913002014
0.7897332310676575
0.9981978535652161
0.0018021592404693365
0.9988724589347839
0.0011275310534983873
0.9989238381385803
0.001076091080904007
0.2251632809638977
0.7748366594314575
0.006311433855444193
0.9936886429786682
0.4654613435268402
0.5345386266708374
0.9935168027877808
0.006483200006186962
0.05947919934988022
0.9405207633972168
0.9597882628440857
0.04021170735359192
0.007168215699493885
0.9928317070007324
0.052516669034957886
0.9474833011627197
0.046396031975746155
0.953603982925415
0.9978563189506531
0.0021437061950564384
0.9694958925247192
0.03050403669476509
0.9154425859451294
0.08455739915370941
0.9988335967063904
0.001166358357295394
0.39100733399391174
0.6089926958084106
0.9977049231529236
0.0022950570564717054
0.9986531734466553
0.0013468362158164382
0.2999334931373596
0.7000664472579956
0.21810418367385864
0.7818957567214966
0.06375192850828171
0.9362481236457825
0.0031967968679964542
0.9968031644821167
0.22698792815208435
0.773012101650238
0.0006734292837791145
0.9993265867233276
0.0008862105314619839
0.9991137385368347
0.9971565008163452
0.0028434572741389275
0.858734130859375
0.1412658542394638
0.6146843433380127
0.3853157162666321
0.0006342599517665803
0.9993657469749451
0.09662147611379623
0.9033785462379456
0.23291374742984772
0.7670862078666687
0.0012971250107511878
0.998702883720398
0.11589527130126953
0.8841047883033752
0.0011261871550232172
0.998873770236969
0.24231459200382233
0.7576854228973389
0.9988590478897095
0.0011409096186980605
0.13472908735275269
0.8652709722518921
0.08059098571538925
0.9194090366363525
0.09705644845962524
0.90294349193573
0.05752011761069298
0.9424798488616943
0.1885164976119995
0.8114834427833557
0.9932417273521423
0.006758273113518953
0.0013992971507832408
0.9986006617546082
0.341945618391037
0.6580543518066406
0.9988617897033691
0.001138173509389162
0.9988349080085754
0.0011651553213596344
0.634131669998169
0.36586835980415344
0.038918547332286835
0.9610814452171326
0.5104495286941528
0.48955050110816956
0.3238184452056885
0.6761815547943115
0.13348203897476196
0.866517961025238
0.9972980618476868
0.002701902063563466
0.30793890357017517
0.6920610666275024
0.9984599351882935
0.0015400201082229614
0.009451496414840221
0.9905485510826111
0.8346438407897949
0.16535620391368866
0.08702542632818222
0.9129745960235596
0.13518668711185455
0.8648133277893066
0.553629994392395
0.44637006521224976
0.9724081158638
0.027591845020651817
0.45160263776779175
0.5483973026275635
0.019398877397179604
0.9806010723114014
0.5124916434288025
0.4875083267688751
0.39933761954307556
0.600662350654602
0.1240299716591835
0.8759700655937195
0.22935526072978973
0.7706447243690491
0.254280686378479
0.745719313621521
0.998898983001709
0.0011009821901097894
0.008543103002011776
0.991456925868988
0.9983397722244263
0.001660203211940825
0.0014940908877179027
0.9985059499740601
0.909491240978241
0.09050878882408142
0.9990562796592712
0.0009436659747734666
0.19914741814136505
0.8008525967597961
0.5938171744346619
0.40618282556533813
0.10756983608007431
0.8924301862716675
0.0019581050146371126
0.9980418682098389
0.03542555496096611
0.9645744562149048
0.5574007034301758
0.4425992965698242
0.015276528894901276
0.9847234487533569
0.19162285327911377
0.8083771467208862
0.017642347142100334
0.9823576211929321
0.012006061151623726
0.9879939556121826
0.9988232254981995
0.0011767043033614755
0.12892191112041473
0.8710780739784241
0.32382944226264954
0.6761705875396729
0.9141076803207397
0.08589237183332443
0.14815843105316162
0.8518415689468384
0.9989284873008728
0.0010714939562603831
0.02183784916996956
0.9781621694564819
0.7214657664299011
0.27853426337242126
0.7538249492645264
0.24617497622966766
0.15901584923267365
0.8409841060638428
0.026538429781794548
0.9734615087509155
0.04934508353471756
0.9506548643112183
0.9911311268806458
0.008868856355547905
0.06054732948541641
0.9394527077674866
0.8288266658782959
0.17117328941822052
0.9988019466400146
0.0011980439303442836
0.050847478210926056
0.9491525292396545
0.001826630556024611
0.9981733560562134
0.13223816454410553
0.8677617907524109
0.9991125464439392
0.0008874877821654081
0.943733811378479
0.056266192346811295
0.008968071080744267
0.9910320043563843
0.6992620229721069
0.30073797702789307
0.9929772019386292
0.007022729609161615
0.1048552617430687
0.8951447010040283
0.3731318712234497
0.6268681287765503
0.0630728155374527
0.9369271993637085
0.5692552328109741
0.4307447373867035
0.2481032758951187
0.7518967390060425
0.001825273153372109
0.998174786567688
0.016170941293239594
0.9838290810585022
0.025711407884955406
0.9742885828018188
0.3143482208251953
0.6856517791748047
0.008306966163218021
0.9916929602622986
0.4564099609851837
0.5435900688171387
0.40702396631240845
0.5929760336875916
0.008547376841306686
0.9914525747299194
0.001951885293237865
0.9980480670928955
0.10257671773433685
0.8974233269691467
0.051811300218105316
0.9481886625289917
0.43538251519203186
0.5646175146102905
0.9874895215034485
0.012510495260357857
0.08791110664606094
0.9120888710021973
0.4115600287914276
0.58843994140625
0.34640321135520935
0.653596818447113
0.07509568333625793
0.9249042868614197
0.17556536197662354
0.8244345784187317
0.11073161661624908
0.8892683386802673
0.0598459430038929
0.9401540160179138
0.6731551289558411
0.3268449008464813
0.009734339080750942
0.9902656674385071
0.4374573528766632
0.5625425577163696
0.9987360835075378
0.0012639469932764769
0.037696581333875656
0.9623034596443176
0.16697797179222107
0.8330220580101013
0.23943127691745758
0.7605686783790588
0.0948534682393074
0.9051464796066284
0.0029268560465425253
0.9970731735229492
0.010262900032103062
0.9897370934486389
0.15689648687839508
0.8431035280227661
0.0004893061704933643
0.999510645866394
0.9959424138069153
0.0040575857274234295
0.019853059202432632
0.9801469445228577
0.9989756345748901
0.0010243713622912765
0.8674123883247375
0.13258767127990723
0.9989745616912842
0.0010254669468849897
0.03325134143233299
0.9667487144470215
0.2802513539791107
0.7197486758232117
0.9883794784545898
0.011620461009442806
0.9989979863166809
0.001002077478915453
0.169571191072464
0.8304287791252136
0.00884216371923685
0.9911578297615051
0.10181981325149536
0.8981801867485046
0.0005789994029328227
0.9994210004806519
0.9984142780303955
0.0015857447870075703
0.07564448565244675
0.9243555665016174
0.11796709150075912
0.8820328712463379
0.10349208116531372
0.896507978439331
0.4375639855861664
0.562436044216156
0.007303949911147356
0.9926960468292236
0.998936116695404
0.0010639330139383674
0.1901770979166031
0.8098229169845581
0.0007419399335049093
0.9992581009864807
0.9953383207321167
0.004661645274609327
0.9143665432929993
0.08563345670700073
0.07610591500997543
0.9238940477371216
0.9983610510826111
0.0016389163210988045
0.9987707734107971
0.0012291892198845744
0.4751335084438324
0.52486652135849
0.027714841067790985
0.9722851514816284
0.32075852155685425
0.6792414784431458
0.0008736827876418829
0.9991263747215271
0.09969507157802582
0.900304913520813
0.015754859894514084
0.9842451214790344
0.008807669393718243
0.9911922812461853
0.46095067262649536
0.5390493273735046
0.12311271578073502
0.8768872618675232
0.0013359305448830128
0.9986640214920044
0.9978348612785339
0.002165120095014572
0.9984936714172363
0.0015062934253364801
0.0006495811976492405
0.999350368976593
0.012054388411343098
0.9879456758499146
0.05070095881819725
0.9492990374565125
0.4888923466205597
0.5111076831817627
0.03527776524424553
0.964722216129303
0.2667902112007141
0.7332097887992859
0.01411358080804348
0.9858864545822144
0.002340913051739335
0.9976590871810913
0.0008554045343771577
0.9991445541381836
0.04861833527684212
0.9513816833496094
0.0015398779651150107
0.9984601736068726
0.01114831306040287
0.9888517260551453
0.6737500429153442
0.32624995708465576
0.9904561638832092
0.00954386405646801
0.25567322969436646
0.7443267703056335
0.28693079948425293
0.7130692601203918
0.0011757609900087118
0.9988241791725159
0.9982942938804626
0.0017057567602023482
0.9987919926643372
0.0012080491287633777
0.9844955801963806
0.01550441887229681
0.2149188220500946
0.785081148147583
0.6992394924163818
0.3007604777812958
0.052252668887376785
0.9477472901344299
0.07898884266614914
0.9210111498832703
0.5231116414070129
0.47688838839530945
0.0030284137465059757
0.996971607208252
0.9978479146957397
0.0021521183662116528
0.9988510608673096
0.0011489015305414796
0.0277724452316761
0.9722275733947754
0.0069400048814713955
0.9930599927902222
0.03478787839412689
0.9652121067047119
0.002309529110789299
0.9976904392242432
0.3188532590866089
0.6811468005180359
0.9725348353385925
0.027465149760246277
0.004270707257091999
0.9957292675971985
0.913860023021698
0.08614000678062439
0.9989450573921204
0.0010549724102020264
0.10444844514131546
0.8955515623092651
0.3648102283477783
0.6351897716522217
0.9986054301261902
0.0013945837272331119
0.8493848443031311
0.15061509609222412
0.9987743496894836
0.0012256117770448327
0.0010241522686555982
0.9989758729934692
0.9990445971488953
0.0009554005227982998
0.028986774384975433
0.9710131883621216
0.0706760510802269
0.9293239712715149
0.06044254079461098
0.9395574927330017
0.05654889717698097
0.9434511065483093
0.20219559967517853
0.7978044152259827
0.007203991524875164
0.992796003818512
0.009330054745078087
0.9906699657440186
0.9986878037452698
0.0013121626107022166
0.17269636690616608
0.8273035883903503
0.6675849556922913
0.33241501450538635
0.2206549197435379
0.7793450951576233
0.02120894007384777
0.9787909984588623
0.9987515211105347
0.001248455373570323
0.25831863284111023
0.7416813969612122
0.0019961560610681772
0.9980039000511169
0.1642148643732071
0.8357850909233093
0.0005981391877867281
0.9994018077850342
0.10128894448280334
0.898711085319519
0.6895888447761536
0.3104112446308136
0.4034389555454254
0.596561074256897
0.9990134239196777
0.0009865108877420425
0.07593807578086853
0.9240618944168091
0.2311640977859497
0.7688359022140503
0.9955530762672424
0.004446939565241337
0.21766984462738037
0.7823301553726196
0.2539479434490204
0.746052086353302
0.9990399479866028
0.0009600454941391945
0.004094457719475031
0.9959055185317993
0.01064602006226778
0.9893540143966675
0.23343324661254883
0.7665667533874512
0.005305552389472723
0.9946944117546082
0.9987949132919312
0.0012050747172906995
0.9886871576309204
0.011312889866530895
0.0005839098012074828
0.9994161128997803
0.3222722113132477
0.6777277588844299
0.0028183776885271072
0.9971816539764404
0.1258060783147812
0.8741939067840576
0.9979463219642639
0.002053725067526102
0.09296516329050064
0.9070348143577576
0.0007119085057638586
0.9992881417274475
0.3231247067451477
0.6768753528594971
0.07169915735721588
0.9283007979393005
0.9117200970649719
0.08827991038560867
0.9842148423194885
0.015785109251737595
0.035565298050642014
0.9644347429275513
0.20252135396003723
0.7974786758422852
0.8210995197296143
0.17890045046806335
0.926375687122345
0.07362428307533264
0.04039274528622627
0.9596072435379028
0.9977362155914307
0.0022637383081018925
0.0012934518745169044
0.998706579208374
0.1291508823633194
0.870849072933197
0.20799316465854645
0.79200679063797
0.9987882971763611
0.001211772789247334
0.0165109783411026
0.9834890365600586
0.4531443119049072
0.5468556880950928
0.9990193843841553
0.0009805732406675816
0.1730765700340271
0.8269234299659729
0.3925514221191406
0.6074485778808594
0.5911590456962585
0.40884095430374146
0.001223699888214469
0.9987762570381165
0.10647768527269363
0.893522322177887
0.05092336982488632
0.9490765929222107
0.003990087192505598
0.9960099458694458
0.5809802412986755
0.41901975870132446
0.05986475571990013
0.9401353001594543
0.9989733695983887
0.001026646699756384
0.5096389651298523
0.4903610944747925
0.9988923668861389
0.0011076756054535508
0.05633082240819931
0.9436692595481873
0.09769880026578903
0.9023012518882751
0.19242903590202332
0.8075709939002991
0.9986788630485535
0.0013210707111284137
0.05866130441427231
0.9413387179374695
0.001966004492715001
0.9980339407920837
0.00984892062842846
0.990151047706604
0.9967852830886841
0.0032147406600415707
0.9942089319229126
0.005791047587990761
0.9986699819564819
0.0013300032587721944
0.7326791286468506
0.2673209309577942
0.03528252989053726
0.964717447757721
0.06840664893388748
0.9315933585166931
0.16952121257781982
0.8304787874221802
0.03436202183365822
0.9656379818916321
0.996407687664032
0.003592301858589053
0.0671100914478302
0.9328899383544922
0.3318423330783844
0.668157696723938
0.028332078829407692
0.9716678857803345
0.12226396799087524
0.8777360916137695
0.022895313799381256
0.9771047234535217
0.050787780433893204
0.9492122530937195
0.08215600252151489
0.9178440570831299
0.9826325178146362
0.017367476597428322
