0.2353191077709198
0.7646809220314026
0.003207396250218153
0.9967926144599915
0.03969011455774307
0.9603098630905151
0.05410601943731308
0.9458940029144287
0.0008817207999527454
0.9991182684898376
0.07933185249567032
0.9206681251525879
0.12890994548797607
0.8710901141166687
0.1131763681769371
0.8868235945701599
0.44579237699508667
0.5542075634002686
0.14608515799045563
0.8539147973060608
0.0009513602126389742
0.99904865026474
0.005571089684963226
0.9944288730621338
0.09540724754333496
0.904592752456665
0.0004805763892363757
0.9995194673538208
0.04346152022480965
0.9565384387969971
0.913253128528595
0.08674683421850204
0.5744022130966187
0.4255978465080261
0.00696975365281105
0.9930302500724792
0.7625002264976501
0.23749980330467224
0.020233014598488808
0.9797669649124146
0.24518145620822906
0.7548185586929321
0.03425672650337219
0.9657432436943054
0.00211494043469429
0.9978850483894348
0.0014235785929486156
0.9985764026641846
0.16023658215999603
0.8397634029388428
0.9962266683578491
0.003773330245167017
0.007333667017519474
0.9926663041114807
0.2803358733654022
0.7196640968322754
0.6294583678245544
0.37054166197776794
0.27971047163009644
0.7202894687652588
0.043074026703834534
0.9569259285926819
0.01553778164088726
0.9844621419906616
0.021100357174873352
0.9788996577262878
0.0674249529838562
0.9325751066207886
0.28776028752326965
0.712239682674408
0.02654891274869442
0.9734511375427246
0.005189447198063135
0.9948105812072754
0.10959986597299576
0.8904001116752625
0.28349074721336365
0.716509222984314
0.0046063135378062725
0.9953937530517578
0.09298587590456009
0.9070141315460205
0.9963149428367615
0.0036850401666015387
0.3198237717151642
0.6801762580871582
0.0048673758283257484
0.9951326251029968
0.446455180644989
0.553544819355011
0.5207313299179077
0.4792686700820923
0.07706980407238007
0.922930121421814
0.3162631392478943
0.6837369203567505
0.002340913051739335
0.9976590871810913
0.08710390329360962
0.9128961563110352
0.01075737550854683
0.9892426133155823
0.0037078659515827894
0.9962921142578125
0.0407288558781147
0.9592710733413696
0.011129477992653847
0.9888705015182495
0.5921177268028259
0.4078822433948517
0.0977979376912117
0.9022020697593689
0.06964001804590225
0.9303600192070007
0.17196398973464966
0.8280360698699951
0.17019809782505035
0.8298019170761108
0.2881574034690857
0.7118425965309143
0.34042784571647644
0.6595720648765564
0.14652274549007416
0.8534772992134094
0.0059277075342834
0.9940722584724426
0.0007566339918412268
0.9992433786392212
0.9981573224067688
0.0018427199684083462
0.01906190812587738
0.9809381365776062
0.005141776986420155
0.9948582649230957
0.044366005808115005
0.9556339979171753
0.26251813769340515
0.7374818325042725
0.4688098132610321
0.5311902165412903
0.19188189506530762
0.8081180453300476
0.013972572050988674
0.9860274791717529
0.3563922047615051
0.6436077952384949
0.041677627712488174
0.9583224058151245
0.31912603974342346
0.6808739304542542
0.5118349194526672
0.48816511034965515
0.31918346881866455
0.6808165907859802
0.012813502922654152
0.9871864318847656
0.005577470641583204
0.9944224953651428
0.9955964684486389
0.004403586033731699
0.0976039245724678
0.9023960828781128
0.011104987002909184
0.988895058631897
0.12157966941595078
0.8784202933311462
0.03453701362013817
0.9654630422592163
0.0008994709351100028
0.9991005659103394
0.577396035194397
0.42260393500328064
0.0033303939271718264
0.996669590473175
0.0048096091486513615
0.9951903820037842
0.054539669305086136
0.945460319519043
0.03829459473490715
0.9617053866386414
0.46932554244995117
0.5306744575500488
0.0007538735517300665
0.9992461204528809
0.22908379137516022
0.770916223526001
0.0019734795205295086
0.9980265498161316
0.9984731078147888
0.0015268292045220733
0.054741524159908295
0.9452585577964783
0.1664303094148636
0.8335697054862976
0.5031060576438904
0.49689391255378723
0.008829827420413494
0.9911701679229736
0.10164442658424377
0.8983555436134338
0.2736845016479492
0.726315438747406
0.020754318684339523
0.979245662689209
0.7435342073440552
0.2564657926559448
0.003252882743254304
0.9967471361160278
0.4323432445526123
0.5676566958427429
0.7625157237052917
0.23748424649238586
0.0018661906942725182
0.9981338381767273
0.4452305734157562
0.5547693967819214
0.4335358738899231
0.5664641857147217
0.11104992777109146
0.8889501094818115
0.9432986974716187
0.05670133978128433
0.002311805495992303
0.9976881742477417
0.0367262065410614
0.9632737636566162
0.27664288878440857
0.723357081413269
0.08980952203273773
0.9101904034614563
0.01927790604531765
0.9807220697402954
0.0005704197683371603
0.9994295239448547
0.6355242729187012
0.36447569727897644
0.011695974506437778
0.9883040189743042
0.043044157326221466
0.9569558501243591
0.3579618036746979
0.6420382261276245
0.039862729609012604
0.9601372480392456
0.032599516212940216
0.9674004316329956
0.0031799916177988052
0.9968199729919434
0.06385786086320877
0.9361421465873718
0.0008807442500256002
0.999119222164154
0.025509169325232506
0.9744908213615417
0.007273836527019739
0.99272620677948
0.2147933393716812
0.78520667552948
0.10163769870996475
0.8983622789382935
0.20804660022258759
0.7919533848762512
0.9981344938278198
0.001865522819571197
0.11296871304512024
0.8870313167572021
0.01857125759124756
0.9814287424087524
0.01383135188370943
0.9861686825752258
0.4536442458629608
0.5463557839393616
0.04710697755217552
0.9528930187225342
0.21516980230808258
0.7848302125930786
0.0017312767449766397
0.998268723487854
0.007920724339783192
0.9920793175697327
0.20111502707004547
0.7988849878311157
0.12798167765140533
0.8720183372497559
0.5389942526817322
0.46100571751594543
0.11648859083652496
0.8835114240646362
0.011802838183939457
0.9881971478462219
0.9966893196105957
0.0033106061164289713
0.2471752166748047
0.7528247237205505
0.006533765234053135
0.9934661984443665
0.035497020930051804
0.9645029306411743
0.9691020250320435
0.030897947028279305
0.009592775255441666
0.9904072880744934
0.018030470237135887
0.9819694757461548
0.002738491166383028
0.9972615242004395
0.0010107129346579313
0.9989892840385437
0.22686924040317535
0.7731307744979858
0.004206250421702862
0.9957937002182007
0.4261039197444916
0.573896050453186
0.5685001611709595
0.4314998686313629
0.000956778705585748
0.9990431666374207
0.012654227204620838
0.9873457551002502
0.017033511772751808
0.982966423034668
0.18989568948745728
0.8101043105125427
0.336945503950119
0.6630544662475586
0.10064808279275894
0.899351954460144
0.002055797027423978
0.997944176197052
0.0040545035153627396
0.9959455132484436
0.016157452017068863
0.9838426113128662
0.5105524659156799
0.48944756388664246
0.053029682487249374
0.9469703435897827
0.18428272008895874
0.8157172799110413
0.10727210342884064
0.8927279114723206
0.02343333512544632
0.9765666723251343
0.27355366945266724
0.726446270942688
0.04509330913424492
0.954906702041626
0.023515045642852783
0.9764849543571472
0.001964680152013898
0.9980353713035583
0.005819970741868019
0.9941800832748413
0.0022630749735981226
0.997736930847168
0.05990488827228546
0.9400951266288757
0.2916358411312103
0.7083641886711121
0.29754504561424255
0.7024549841880798
0.0052144709043204784
0.9947856068611145
0.3924194872379303
0.6075805425643921
0.22072352468967438
0.7792764902114868
0.3564038872718811
0.6435961127281189
0.0034540717024356127
0.9965459704399109
0.06277765333652496
0.9372223615646362
0.3914017975330353
0.6085982322692871
0.012112420052289963
0.9878876209259033
0.008872201666235924
0.9911277294158936
0.2567567825317383
0.7432432174682617
0.010535039938986301
0.9894649982452393
0.0012970693642273545
0.998702883720398
0.06006481498479843
0.9399352073669434
0.002780348528176546
0.9972196817398071
0.4153311550617218
0.5846688151359558
0.05076519027352333
0.9492347836494446
0.03275388479232788
0.9672460556030273
0.5885715484619141
0.41142845153808594
0.013713184744119644
0.9862868189811707
0.40407371520996094
0.5959262847900391
0.14851178228855133
0.8514881730079651
0.9834361672401428
0.016563892364501953
0.17674510180950165
0.8232549428939819
0.23592863976955414
0.7640713453292847
0.07673469930887222
0.9232653379440308
0.7069365382194519
0.2930634319782257
0.0423806756734848
0.957619309425354
0.16370218992233276
0.8362978100776672
0.2453940212726593
0.7546060085296631
0.5064526200294495
0.49354737997055054
0.784398078918457
0.21560192108154297
0.28155839443206787
0.7184416651725769
0.00830314215272665
0.991696834564209
0.00756066432222724
0.9924392700195312
0.020558414980769157
0.9794416427612305
0.04266420006752014
0.9573357701301575
0.010019396431744099
0.9899806380271912
0.28219008445739746
0.7178099155426025
0.001607738435268402
0.9983922839164734
0.0058074695989489555
0.9941925406455994
0.03927217051386833
0.9607277512550354
0.007636143825948238
0.9923638105392456
0.1404774785041809
0.8595225214958191
0.0032736528664827347
0.9967262744903564
0.012879197485744953
0.9871208071708679
0.683710515499115
0.31628942489624023
0.9989967942237854
0.001003179233521223
0.2768287658691406
0.7231711745262146
0.002673140726983547
0.9973268508911133
0.28117311000823975
0.7188268303871155
0.060941413044929504
0.9390585422515869
0.008214198984205723
0.9917858242988586
0.028916051611304283
0.9710839986801147
0.0005853279144503176
0.9994146823883057
0.061276569962501526
0.9387234449386597
0.005614909343421459
0.9943851232528687
0.18720461428165436
0.8127954006195068
0.03393469750881195
0.9660653471946716
0.0007006373489275575
0.9992994070053101
0.230794757604599
0.7692052721977234
0.004913391545414925
0.9950866103172302
0.5921735763549805
0.40782642364501953
0.0041062189266085625
0.9958938360214233
0.016243869438767433
0.9837561845779419
0.0993892177939415
0.9006108045578003
0.15440267324447632
0.8455973267555237
0.8605427742004395
0.13945722579956055
0.0010926405666396022
0.9989073276519775
0.998826801776886
0.0011731531703844666
0.07709362357854843
0.9229063987731934
0.025776997208595276
0.9742230772972107
0.0007452841964550316
0.9992546439170837
0.16508296132087708
0.8349170088768005
0.009981793351471424
0.9900181293487549
0.018226303160190582
0.9817736744880676
0.0007460887427441776
0.9992539286613464
0.020209239795804024
0.9797907471656799
0.030089035630226135
0.9699109792709351
0.0015894875396043062
0.9984104633331299
0.013694880530238152
0.9863051176071167
0.19962768256664276
0.8003723621368408
0.32069823145866394
0.6793017983436584
0.15478265285491943
0.8452173471450806
0.6367905735969543
0.36320939660072327
0.12668605148792267
0.8733140230178833
0.15482838451862335
0.8451716303825378
0.3466382622718811
0.6533617377281189
0.13338278234004974
0.8666172623634338
0.13562002778053284
0.8643800020217896
0.02447817474603653
0.9755218625068665
0.015228443779051304
0.9847715497016907
0.3162347376346588
0.6837652921676636
0.251504123210907
0.7484959363937378
0.017879091203212738
0.982120931148529
0.06032699719071388
0.9396730661392212
0.46695002913475037
0.5330499410629272
0.9746058583259583
0.02539418637752533
0.36901402473449707
0.6309859752655029
0.015299702063202858
0.9847003221511841
0.15590934455394745
0.8440906405448914
0.6883362531661987
0.31166377663612366
0.00256029493175447
0.9974397420883179
0.9027405381202698
0.09725949168205261
0.0005762744694948196
0.9994237422943115
0.24622544646263123
0.7537745833396912
0.0022080587223172188
0.9977918863296509
0.0004677897959481925
0.9995322227478027
0.002340921899303794
0.9976590871810913
0.0007986477576196194
0.9992013573646545
0.14448398351669312
0.8555159568786621
0.17812936007976532
0.8218706250190735
0.27560243010520935
0.724397599697113
0.008930882439017296
0.9910690784454346
0.0021056723780930042
0.9978943467140198
0.01860043779015541
0.9813995957374573
0.002613901626318693
0.9973861575126648
0.03732159361243248
0.9626783728599548
0.00583333894610405
0.9941666126251221
0.9989629983901978
0.00103701651096344
0.23817075788974762
0.7618291974067688
0.10875524580478668
0.8912447690963745
0.003582204692065716
0.996417760848999
0.4551886320114136
0.5448113679885864
0.0006832483923062682
0.9993168115615845
0.6464296579360962
0.35357028245925903
0.28757408261299133
0.712425947189331
0.05131414160132408
0.948685884475708
0.10754791647195816
0.8924521207809448
0.0024513097014278173
0.9975486397743225
0.09929108619689941
0.9007088541984558
0.00286284857429564
0.997137188911438
0.23895908892154694
0.7610408663749695
0.04281898960471153
0.9571810364723206
0.06032194569706917
0.9396781325340271
0.14898870885372162
0.8510112762451172
0.00047507864655926824
0.9995249509811401
0.022838683798909187
0.9771612882614136
0.9952356219291687
0.004764405079185963
0.013243009336292744
0.9867570400238037
0.0028676006477326155
0.997132420539856
0.9982422590255737
0.0017577542457729578
0.9980897307395935
0.001910219551064074
0.056779567152261734
0.9432203769683838
0.0012152924900874496
0.9987847208976746
0.4724215865135193
0.5275783538818359
0.05543358623981476
0.9445663690567017
0.3035948574542999
0.6964051127433777
0.017255743965506554
0.9827442765235901
0.022808896377682686
0.9771910905838013
0.21062135696411133
0.7893787026405334
0.06607057899236679
0.9339293837547302
0.07446783035993576
0.9255321621894836
0.5240557193756104
0.47594425082206726
0.019814081490039825
0.9801859855651855
0.6216750144958496
0.3783249258995056
0.0009545671055093408
0.9990454316139221
0.004011740908026695
0.9959883093833923
0.009653995744884014
0.9903460144996643
0.9986566305160522
0.0013433702988550067
0.034588612616062164
0.965411365032196
0.019429756328463554
0.9805702567100525
0.1954651176929474
0.804534912109375
0.01682974211871624
0.983170211315155
0.5170882940292358
0.4829116761684418
0.0004958638455718756
0.9995040893554688
0.004829274956136942
0.9951707720756531
0.9068959355354309
0.09310401231050491
0.05667285621166229
0.9433271288871765
0.9978229999542236
0.002176986075937748
0.06839577853679657
0.931604266166687
0.17247354984283447
0.8275265097618103
0.012986384332180023
0.9870136380195618
0.9828042984008789
0.01719575747847557
0.2786423861980438
0.7213575839996338
0.29650038480758667
0.7034996747970581
0.023039087653160095
0.9769608378410339
0.01245703175663948
0.987542986869812
0.9627504348754883
0.03724956884980202
0.08446100354194641
0.915539026260376
0.17818613350391388
0.8218139410018921
0.03439280390739441
0.9656071662902832
0.06772464513778687
0.9322753548622131
0.0006236593471840024
0.9993763566017151
0.0005806244444102049
0.9994194507598877
0.1152278482913971
0.8847721815109253
0.3191690444946289
0.6808309555053711
0.5557185411453247
0.4442814290523529
0.007705772761255503
0.992294192314148
0.010600743815302849
0.9893993139266968
0.3564678132534027
0.6435321569442749
0.1227339580655098
0.877265989780426
0.6493927240371704
0.3506072461605072
0.6254321932792664
0.37456783652305603
0.0006637516780756414
0.9993361830711365
0.2293056845664978
0.770694375038147
0.013500594533979893
0.9864994287490845
0.012340894900262356
0.9876591563224792
0.35477718710899353
0.6452227830886841
0.5195714831352234
0.4804284870624542
0.5761475563049316
0.42385247349739075
0.0008353883167728782
0.9991645812988281
0.0020453373435884714
0.9979546070098877
0.09640875458717346
0.9035912752151489
0.8550703525543213
0.14492958784103394
0.0007593543268740177
0.9992406368255615
0.7199393510818481
0.28006067872047424
0.2277611494064331
0.7722388505935669
0.0009362811106257141
0.9990637898445129
0.06333012878894806
0.9366698265075684
0.004800570197403431
0.99519944190979
0.0033134727273136377
0.9966865181922913
0.0007765460759401321
0.9992234706878662
0.0006814204971306026
0.9993185997009277
0.19534620642662048
0.8046537637710571
0.0008170058717951179
0.9991829991340637
0.015471807681024075
0.984528124332428
0.12695617973804474
0.8730437755584717
0.28333330154418945
0.7166666984558105
0.001471932977437973
0.998528003692627
0.16801483929157257
0.8319851160049438
0.0013237819075584412
0.9986762404441833
0.012708460912108421
0.9872915148735046
0.014251998625695705
0.9857479929924011
0.6177932024002075
0.3822067975997925
0.044393569231033325
0.9556064605712891
0.02124077081680298
0.9787592887878418
0.01138389389961958
0.9886160492897034
0.08450374752283096
0.9154962301254272
0.06547801196575165
0.9345220327377319
0.00046434669638983905
0.9995356798171997
0.07229472696781158
0.9277052879333496
0.5265794992446899
0.47342050075531006
0.028840987011790276
0.9711589813232422
0.005390398669987917
0.9946095943450928
0.004976583179086447
0.9950234889984131
0.04722709581255913
0.9527729153633118
0.0009322589030489326
0.9990677237510681
0.035445697605609894
0.9645542502403259
0.3704618811607361
0.6295381188392639
0.015568125993013382
0.9844319224357605
0.1513231247663498
0.848676860332489
0.009568329900503159
0.9904317259788513
0.40929532051086426
0.5907046794891357
0.48513805866241455
0.5148618817329407
0.2162218987941742
0.7837781310081482
0.4437732994556427
0.5562267303466797
0.06304962933063507
0.9369503259658813
0.17543643712997437
0.8245635032653809
0.0028608725406229496
0.9971390962600708
0.09050845354795456
0.9094915390014648
0.05521111935377121
0.9447888135910034
0.04463127255439758
0.95536869764328
0.003921010997146368
0.9960790276527405
0.006723740603774786
0.9932762384414673
0.0019694094080477953
0.9980306029319763
0.07050435990095139
0.929495632648468
0.9891507625579834
0.010849200189113617
0.16552217304706573
0.8344777822494507
0.004982766229659319
0.9950172305107117
0.014701885171234608
0.9852980375289917
0.000579547428060323
0.9994205236434937
0.29794973134994507
0.7020502090454102
0.039716411381959915
0.9602835774421692
0.024135492742061615
0.9758644700050354
0.09719209372997284
0.9028078317642212
0.0007430784171447158
0.9992569088935852
0.018229294568300247
0.9817706942558289
0.10644900798797607
0.8935509324073792
0.041785143315792084
0.9582148790359497
0.9986687898635864
0.0013311697402969003
0.016397742554545403
0.9836022853851318
0.002185579389333725
0.997814416885376
0.7687085866928101
0.23129133880138397
0.053495146334171295
0.9465048313140869
0.5169826745986938
0.4830174148082733
0.36120834946632385
0.6387916207313538
0.41823071241378784
0.5817693471908569
0.24096375703811646
0.7590362429618835
0.9988598823547363
0.0011401610681787133
0.21810418367385864
0.7818957567214966
0.6188714504241943
0.38112854957580566
0.011987810954451561
0.9880121946334839
0.002113801660016179
0.9978862404823303
0.003298924071714282
0.9967010617256165
0.314533531665802
0.685466468334198
0.0302457045763731
0.9697542786598206
0.00869719497859478
0.9913028478622437
0.022830365225672722
0.9771696925163269
0.043177325278520584
0.9568226933479309
0.000621887797024101
0.9993780851364136
0.0017787427641451359
0.998221218585968
0.1379496306180954
0.8620504140853882
0.0037275601644068956
0.9962724447250366
0.374900758266449
0.625099241733551
0.008241506293416023
0.9917585253715515
0.07420766353607178
0.9257923364639282
0.42617297172546387
0.5738269686698914
0.0008702119812369347
0.9991298317909241
0.07637451589107513
0.9236255288124084
0.9883213639259338
0.011678636074066162
0.06887175887823105
0.9311282634735107
0.005389413796365261
0.9946105480194092
0.022107833996415138
0.9778921008110046
0.06198488175868988
0.9380151033401489
0.0055875214748084545
0.9944124817848206
0.0007563172257505357
0.9992437362670898
0.018288789317011833
0.9817111492156982
0.01037561520934105
0.9896243214607239
0.0006823322037234902
0.9993176460266113
0.9977134466171265
0.0022865640930831432
0.9987442493438721
0.0012557063018903136
0.19220206141471863
0.8077979683876038
0.1296171098947525
0.8703828454017639
0.9989198446273804
0.0010801376774907112
0.0008240630850195885
0.9991759657859802
0.0005717381136491895
0.9994282126426697
0.2631973624229431
0.7368025779724121
0.0009245419059880078
0.9990754127502441
0.3602762520313263
0.6397237777709961
0.21321406960487366
0.7867859601974487
0.9986922144889832
0.0013077666517347097
0.006932040676474571
0.9930679798126221
0.3488774001598358
0.6511226296424866
0.2349613606929779
0.7650386095046997
0.07634945213794708
0.9236505627632141
0.25512468814849854
0.7448752522468567
0.0005101968999952078
0.9994897842407227
0.0005172822857275605
0.9994826316833496
0.04167833924293518
0.9583216309547424
0.01784217730164528
0.982157826423645
0.006649359595030546
0.9933506846427917
0.8667369484901428
0.1332629919052124
0.13883812725543976
0.8611618876457214
0.11300491541624069
0.8869950771331787
0.22878119349479675
0.7712187170982361
0.0009746194118633866
0.9990253448486328
0.0016078570624813437
0.9983921647071838
0.0930774137377739
0.9069226384162903
0.0007212788914330304
0.999278724193573
0.7477342486381531
0.25226572155952454
0.30254796147346497
0.6974520087242126
0.01332977507263422
0.986670196056366
0.723969578742981
0.27603039145469666
0.44175657629966736
0.558243453502655
0.0016790007939562201
0.998320996761322
0.061543285846710205
0.938456654548645
0.5334238409996033
0.4665762186050415
0.07577601820230484
0.9242239594459534
0.24168618023395538
0.758313775062561
0.0039204019121825695
0.9960796236991882
0.017804421484470367
0.9821955561637878
0.02890118584036827
0.9710988402366638
0.5176024436950684
0.48239758610725403
0.0013616534415632486
0.9986383318901062
0.015409823507070541
0.9845901727676392
0.47363704442977905
0.526362955570221
0.1980748027563095
0.8019251823425293
0.0012449215864762664
0.9987550973892212
0.5275821685791016
0.47241783142089844
0.021205369383096695
0.9787946939468384
0.007915154099464417
0.992084801197052
0.723798394203186
0.27620160579681396
0.13034002482891083
0.869659960269928
0.06452275067567825
0.9354772567749023
0.19714529812335968
0.8028547167778015
0.013368046842515469
0.9866319298744202
0.10030063986778259
0.8996993899345398
0.915158748626709
0.08484118431806564
0.0015427616890519857
0.9984571933746338
0.02702230028808117
0.9729776978492737
0.5809233784675598
0.4190766215324402
0.01703127846121788
0.9829687476158142
0.1910051852464676
0.8089948296546936
0.01605648547410965
0.9839434623718262
0.23659050464630127
0.7634094953536987
0.15742985904216766
0.8425701260566711
0.016666991636157036
0.9833329916000366
0.018741847947239876
0.9812581539154053
0.06583941727876663
0.934160590171814
0.14234091341495514
0.8576590418815613
0.0007922469521872699
0.9992077946662903
0.0018591205589473248
0.9981409311294556
0.02394123189151287
0.9760587215423584
0.3116914927959442
0.6883084774017334
0.026125391945242882
0.973874568939209
0.2578127384185791
0.7421872615814209
0.12204495072364807
0.8779550790786743
0.00473775202408433
0.9952622652053833
0.0282586757093668
0.9717413783073425
0.0009656970505602658
0.9990342855453491
0.2406606376171112
0.7593393921852112
0.007405109703540802
0.9925948977470398
0.5226237177848816
0.4773763120174408
0.19730716943740845
0.8026928305625916
0.01664036326110363
0.9833595752716064
0.0032006464898586273
0.9967993497848511
0.07037778198719025
0.929622232913971
0.07666206359863281
0.9233379364013672
0.41543659567832947
0.5845633745193481
0.1104407012462616
0.889559268951416
0.015687618404626846
0.9843123555183411
0.9966410398483276
0.003359021618962288
0.19240649044513702
0.8075935244560242
0.0036878809332847595
0.9963120818138123
0.01359870657324791
0.9864012598991394
0.0013015387812629342
0.9986984729766846
0.22662270069122314
0.7733772397041321
0.002816877095028758
0.9971831440925598
0.9776327610015869
0.02236730046570301
0.014339699409902096
0.9856603145599365
0.02972489595413208
0.9702751636505127
0.048952482640743256
0.9510474801063538
0.30184459686279297
0.698155403137207
0.08261504769325256
0.917384922504425
0.18523037433624268
0.8147696256637573
0.16624990105628967
0.8337500691413879
0.0015515339327976108
0.9984484910964966
0.00045355892507359385
0.999546468257904
0.06092534214258194
0.9390746355056763
0.004316114354878664
0.9956839084625244
0.9986762404441833
0.001323729520663619
0.5123859643936157
0.4876140058040619
0.04379367083311081
0.9562063217163086
0.007310681045055389
0.992689311504364
0.9986911416053772
0.0013088843552395701
0.6478199362754822
0.3521800637245178
0.0004863071080762893
0.9995137453079224
0.7342427968978882
0.2657572329044342
0.10341395437717438
0.8965860605239868
0.07968389242887497
0.9203161597251892
0.0015332980547100306
0.9984667301177979
0.40274330973625183
0.5972566604614258
0.0013155757915228605
0.9986844658851624
0.026114586740732193
0.9738854169845581
0.007961644791066647
0.992038369178772
0.07038749009370804
0.9296125769615173
0.004341417457908392
0.9956586360931396
0.0013853717828169465
0.9986146688461304
0.9987159967422485
0.0012840464478358626
0.00086291937623173
0.9991371035575867
0.5350069999694824
0.4649930000305176
0.13303615152835846
0.8669638633728027
0.012923963367938995
0.9870759844779968
0.011768926866352558
0.9882310032844543
0.3458714485168457
0.6541286110877991
0.31781071424484253
0.6821893453598022
0.7020248174667358
0.29797518253326416
0.03245876729488373
0.9675412774085999
0.4600321650505066
0.5399678349494934
0.3336810767650604
0.666318953037262
0.13611043989658356
0.8638895750045776
0.9984435439109802
0.001556472503580153
0.010302409529685974
0.9896975159645081
0.0008816595654934645
0.9991183876991272
0.08212413638830185
0.9178758859634399
0.25009027123451233
0.7499097585678101
0.0010750070214271545
0.9989249110221863
0.05479364097118378
0.945206344127655
0.5617371201515198
0.4382628798484802
0.2797439992427826
0.7202560305595398
0.0009677528287284076
0.9990322589874268
0.33828845620155334
0.6617116332054138
0.19411563873291016
0.8058843612670898
0.24301792681217194
0.7569820880889893
0.040430136024951935
0.9595698714256287
0.00046162348007783294
0.9995384216308594
0.998944103717804
0.0010558959329500794
0.008530421182513237
0.9914695620536804
0.8060386776924133
0.19396135210990906
0.016765348613262177
0.9832346439361572
0.26802965998649597
0.7319703698158264
0.6247884035110474
0.37521159648895264
0.009884433820843697
0.9901156425476074
0.9970736503601074
0.002926312852650881
0.0037862921599298716
0.9962137341499329
0.05068480595946312
0.9493152499198914
0.15576407313346863
0.844235897064209
0.006073378957808018
0.9939265847206116
0.00857388973236084
0.9914261102676392
0.016634179279208183
0.9833658337593079
0.29620298743247986
0.7037970423698425
0.2219967395067215
0.7780032157897949
0.028514087200164795
0.9714859127998352
0.43810269236564636
0.5618972778320312
0.06144196167588234
0.9385579824447632
0.23943127691745758
0.7605686783790588
0.9986971020698547
0.0013029148103669286
0.007062173914164305
0.9929378628730774
0.26635998487472534
0.7336400151252747
0.33821606636047363
0.6617839336395264
0.1488327831029892
0.8511672019958496
0.0023643868044018745
0.9976356029510498
0.007844528183341026
0.9921554923057556
0.1435406357049942
0.8564594388008118
0.3972075283527374
0.602792501449585
0.0006422792794182897
0.9993577599525452
0.0006196313770487905
0.999380350112915
0.000728394603356719
0.9992715716362
0.932569682598114
0.06743034720420837
0.03352687507867813
0.9664731621742249
0.031073952093720436
0.9689260125160217
0.0015245265094563365
0.9984754920005798
0.0007141638197936118
0.999285876750946
0.018312742933630943
0.9816872477531433
0.0005716768209822476
0.9994283318519592
0.0009997111046686769
0.9990002512931824
0.01189463771879673
0.988105297088623
0.027285953983664513
0.9727140069007874
0.06637109071016312
0.9336289167404175
0.0031432947143912315
0.996856689453125
0.001199332415126264
0.9988006353378296
0.002997590694576502
0.9970024228096008
0.3316689133644104
0.6683310866355896
0.0039210389368236065
0.9960789084434509
0.052138712257146835
0.9478612542152405
0.0015708759892731905
0.9984291195869446
0.7434303164482117
0.25656968355178833
0.0011037345975637436
0.9988962411880493
0.0010415422730147839
0.9989584684371948
0.004340811632573605
0.9956592321395874
0.5809864401817322
0.41901353001594543
0.8206304907798767
0.17936952412128448
0.31833723187446594
0.6816627383232117
0.22098727524280548
0.7790126800537109
0.9981302618980408
0.001869773492217064
0.2678898572921753
0.7321101427078247
0.27736902236938477
0.72263103723526
0.14957183599472046
0.8504281640052795
0.222064808011055
0.777935266494751
0.0990920290350914
0.9009079337120056
0.06744465231895447
0.9325553774833679
0.2285369485616684
0.7714630365371704
0.10823526978492737
0.891764760017395
0.14564913511276245
0.8543508648872375
0.3021411597728729
0.6978588104248047
0.03570114076137543
0.9642988443374634
0.8609802722930908
0.13901972770690918
0.29245951771736145
0.7075405120849609
0.05158646032214165
0.9484135508537292
0.0006280647357925773
0.9993719458580017
0.21240438520908356
0.7875955700874329
0.007247948087751865
0.9927520751953125
0.004271064419299364
0.9957289099693298
0.004376585595309734
0.9956234097480774
0.18225355446338654
0.8177464008331299
0.001020424417220056
0.9989795088768005
0.004173193592578173
0.995826780796051
0.07401679456233978
0.9259832501411438
0.009752347134053707
0.9902476668357849
0.17154575884342194
0.8284542560577393
0.020797139033675194
0.979202926158905
0.0012889489298686385
0.998711109161377
0.044859591871500015
0.9551404714584351
0.08759492635726929
0.9124050140380859
0.43061700463294983
0.5693829655647278
0.12311271578073502
0.8768872618675232
0.9984538555145264
0.0015460837166756392
0.0009412352810613811
0.9990587830543518
0.13608171045780182
0.8639183044433594
0.0026859266217797995
0.9973140358924866
0.0006834304076619446
0.9993165731430054
0.9706201553344727
0.029379788786172867
0.000560599088203162
0.9994394183158875
0.055160682648420334
0.944839358329773
0.025005225092172623
0.9749947190284729
0.01223732065409422
0.9877626895904541
0.0046309418976306915
0.995369017124176
0.016945229843258858
0.9830547571182251
0.004681973718106747
0.9953180551528931
0.16605332493782043
0.833946704864502
0.005279480013996363
0.994720458984375
0.9983524084091187
0.0016476679593324661
0.09969044476747513
0.9003095626831055
0.13659006357192993
0.8634099364280701
0.00303808506578207
0.9969618916511536
0.46461567282676697
0.5353843569755554
0.0776551142334938
0.9223449230194092
0.002340913051739335
0.9976590871810913
0.0006809799815528095
0.9993190765380859
0.25553274154663086
0.7444672584533691
0.15841777622699738
0.8415822386741638
0.008742756210267544
0.9912573099136353
0.9990063309669495
0.0009937174618244171
0.13681912422180176
0.863180935382843
0.017823245376348495
0.9821767807006836
0.3918421268463135
0.6081578135490417
0.6737500429153442
0.32624995708465576
0.0006351824849843979
0.9993647933006287
0.002284230664372444
0.9977158308029175
0.9986628293991089
0.00133711623493582
0.01265018805861473
0.987349808216095
0.02262303978204727
0.9773768782615662
0.9985873699188232
0.0014126652386039495
0.9937425255775452
0.006257529370486736
0.024622077122330666
0.9753779172897339
0.0005958492984063923
0.9994041919708252
0.2655419707298279
0.7344580292701721
0.05289962515234947
0.9471003413200378
0.0012055316474288702
0.998794436454773
0.22681206464767456
0.7731879353523254
0.9987789988517761
0.0012210546992719173
0.02815549261868
0.971844494342804
0.12519164383411407
0.8748083114624023
0.003469867631793022
0.9965301156044006
0.1670440286397934
0.8329559564590454
0.004050132818520069
0.9959498643875122
0.9702571034431458
0.029742944985628128
0.3897203207015991
0.6102796792984009
0.030746519565582275
0.9692534804344177
0.013624629005789757
0.9863753914833069
0.33533546328544617
0.6646644473075867
0.024246444925665855
0.9757535457611084
0.0011936061782762408
0.998806357383728
0.3432745337486267
0.6567254662513733
0.16877834498882294
0.8312216997146606
0.9990971088409424
0.0009028689237311482
0.04453946277499199
0.9554605484008789
0.9989205598831177
0.0010794166009873152
0.9987931251525879
0.0012068909127265215
0.04963574558496475
0.9503642916679382
0.0006559101166203618
0.9993440508842468
0.013704024255275726
0.9862959980964661
0.005208073649555445
0.9947919249534607
0.0027909744530916214
0.9972090125083923
0.009868662804365158
0.9901313781738281
0.011837777681648731
0.9881622195243835
0.005542326252907515
0.9944576025009155
0.30044853687286377
0.6995514035224915
0.006195934489369392
0.9938040971755981
0.009632933884859085
0.99036705493927
0.005716561805456877
0.9942833781242371
0.021778428927063942
0.978221595287323
0.32198724150657654
0.6780127882957458
0.01724208891391754
0.9827578663825989
0.03338155522942543
0.9666184782981873
0.02807936817407608
0.9719206094741821
0.2584516108036041
0.7415483593940735
0.06717270612716675
0.9328272938728333
0.025001738220453262
0.9749982357025146
0.1600794643163681
0.8399205207824707
0.05146828293800354
0.9485317468643188
0.4103180766105652
0.5896819233894348
0.014629391022026539
0.9853706359863281
0.0752301886677742
0.9247697591781616
0.0074531687423586845
0.9925468564033508
0.03959878534078598
0.960401177406311
0.05218824744224548
0.9478117823600769
0.006900831125676632
0.9930991530418396
0.9725348353385925
0.027465149760246277
0.9989649057388306
0.0010351160308346152
0.004616832826286554
0.9953832030296326
0.011173521168529987
0.9888265132904053
0.4050752520561218
0.5949247479438782
0.0021510403603315353
0.9978489875793457
0.147047221660614
0.852952778339386
0.3058931529521942
0.6941068768501282
0.04770685359835625
0.9522930979728699
0.09883131086826324
0.901168704032898
0.030713915824890137
0.9692860841751099
0.0041146473959088326
0.9958853125572205
0.5183837413787842
0.4816162586212158
0.24318161606788635
0.7568183541297913
0.0727270096540451
0.9272729158401489
0.20572713017463684
0.7942728400230408
0.9418783783912659
0.058121681213378906
0.0706760510802269
0.9293239712715149
0.013748914934694767
0.9862511157989502
0.14839906990528107
0.8516009449958801
0.0013701622374355793
0.9986298084259033
0.0009763163980096579
0.9990236759185791
0.7298780679702759
0.2701219916343689
0.02197653241455555
0.9780234694480896
0.12337908148765564
0.876620888710022
0.023024437949061394
0.9769755601882935
0.043196093291044235
0.9568039178848267
0.004995553754270077
0.9950044751167297
0.9988552331924438
0.0011448048753663898
0.021708711981773376
0.9782912731170654
0.0716751366853714
0.9283248782157898
0.051828768104314804
0.9481711983680725
0.327962726354599
0.6720373034477234
0.7087068557739258
0.2912931740283966
0.8993163704872131
0.10068369656801224
0.20669390261173248
0.7933061718940735
0.016778690740466118
0.9832212924957275
0.02198638580739498
0.9780136346817017
0.9985122084617615
0.0014878035290166736
0.19628460705280304
0.8037154674530029
0.02683071978390217
0.9731692671775818
0.0008797160116955638
0.99912029504776
0.006886959541589022
0.9931129813194275
0.19149941205978394
0.8085005283355713
0.002256072359159589
0.9977439641952515
0.43328553438186646
0.5667145252227783
0.00398589763790369
0.9960141181945801
0.021573683246970177
0.9784262776374817
0.009597360156476498
0.9904025793075562
0.0005981391877867281
0.9994018077850342
0.0011248929658904672
0.998875081539154
0.10249496251344681
0.8975050449371338
0.003782339161261916
0.996217668056488
0.43457433581352234
0.5654256343841553
0.012472450733184814
0.9875275492668152
0.0017138686962425709
0.9982860684394836
0.01899067498743534
0.9810093641281128
0.05116383358836174
0.9488361477851868
0.021098140627145767
0.9789018034934998
0.055155038833618164
0.9448450207710266
0.0005483446875587106
0.9994516968727112
0.033033132553100586
0.9669668674468994
0.11765047162771225
0.8823494911193848
0.0005730800330638885
0.9994269609451294
0.5250351428985596
0.47496482729911804
0.0005186892230994999
0.9994813799858093
0.004195076879113913
0.9958049058914185
0.0055390321649611
0.994460940361023
0.979087233543396
0.02091280370950699
0.010473375208675861
0.989526629447937
0.000472380081191659
0.9995276927947998
0.03037104569375515
0.9696289300918579
0.0021024944726377726
0.9978975057601929
0.1481376588344574
0.851862370967865
0.004111011046916246
0.9958890080451965
0.05612365901470184
0.9438763856887817
0.11240368336439133
0.8875963091850281
0.02439914084970951
0.9756008386611938
0.0012311870232224464
0.9987687468528748
0.7511590123176575
0.24884100258350372
0.004724235273897648
0.9952757358551025
0.014287305064499378
0.9857126474380493
0.0006542484043166041
0.9993457198143005
0.03930473327636719
0.9606953263282776
0.0009976427536457777
0.9990023970603943
0.05442851409316063
0.9455714821815491
0.04936308041214943
0.9506368637084961
0.002824170049279928
0.9971758127212524
0.4473556876182556
0.5526442527770996
0.009483701549470425
0.9905162453651428
0.0009664425742812455
0.9990335702896118
0.14870323240756989
0.8512967824935913
0.9875012636184692
0.012498730793595314
0.3942258059978485
0.6057742238044739
0.24558159708976746
0.7544183731079102
0.06635671108961105
0.9336433410644531
0.007500961888581514
0.992499053478241
0.14585761725902557
0.854142427444458
0.042150288820266724
0.9578496813774109
0.008042307570576668
0.9919576644897461
0.001222453429363668
0.9987775683403015
0.0029373527504503727
0.997062623500824
0.01761617884039879
0.9823838472366333
0.9990850687026978
0.0009149026009254158
0.09103924036026001
0.90896075963974
0.0380125530064106
0.9619873762130737
0.2564387023448944
0.743561327457428
0.29690173268318176
0.7030982971191406
0.7426972389221191
0.25730276107788086
0.0008411554154008627
0.9991588592529297
0.22435884177684784
0.775641143321991
0.0011500108521431684
0.9988499879837036
0.004963585175573826
0.9950364232063293
0.0012934518745169044
0.998706579208374
0.5419911742210388
0.4580088257789612
0.45058098435401917
0.5494189858436584
0.033580560237169266
0.9664194583892822
0.1990145891904831
0.8009853959083557
0.03086812049150467
0.9691318869590759
0.011180872097611427
0.9888191819190979
0.01953963190317154
0.9804603457450867
0.06370311230421066
0.9362969398498535
0.012590075843036175
0.9874098896980286
0.01763974502682686
0.9823602437973022
0.004134759306907654
0.9958652257919312
0.19450834393501282
0.8054916858673096
0.561428427696228
0.4385715126991272
0.0045709386467933655
0.9954290390014648
0.2447679191827774
0.7552321553230286
0.9990348815917969
0.0009651805739849806
0.024425989016890526
0.9755740165710449
0.3083954155445099
0.6916046142578125
0.5080490112304688
0.49195098876953125
0.33447396755218506
0.6655260324478149
0.001315022585913539
0.9986849427223206
0.0036265032831579447
0.9963734745979309
0.05195518583059311
0.9480448365211487
0.0018080780282616615
0.9981918931007385
0.08711923658847809
0.9128807187080383
0.02118234895169735
0.9788176417350769
0.013372915796935558
0.9866270422935486
0.3925514221191406
0.6074485778808594
0.0005643064505420625
0.9994357228279114
0.03009127825498581
0.9699087738990784
0.0023898999206721783
0.9976100921630859
0.11031311750411987
0.8896869421005249
0.3243873119354248
0.6756126880645752
0.020768309012055397
0.9792317152023315
0.003538009012117982
0.9964620471000671
0.002540149260312319
0.9974598288536072
0.0026229573413729668
0.9973770380020142
0.2501372992992401
0.7498626708984375
0.0013983886456117034
0.9986016154289246
0.4761386513710022
0.523861289024353
0.4186631143093109
0.5813368558883667
0.1646701991558075
0.8353298902511597
0.21827629208564758
0.78172367811203
0.240076944231987
0.7599230408668518
0.001925686839967966
0.9980742931365967
0.16590259969234467
0.8340973258018494
0.13365289568901062
0.8663471341133118
0.18264451622962952
0.8173554539680481
0.4539165198802948
0.5460835099220276
0.3589668571949005
0.6410331726074219
0.23329004645347595
0.7667100429534912
0.054304394870996475
0.9456955790519714
0.01611727476119995
0.9838827848434448
0.003162032924592495
0.9968379735946655
0.04130081832408905
0.9586991667747498
0.007243563886731863
0.9927564263343811
0.5056759119033813
0.49432408809661865
0.0769723504781723
0.9230276346206665
0.45911532640457153
0.5408846735954285
0.02170695923268795
0.9782930016517639
0.8685721158981323
0.13142789900302887
0.0014614341780543327
0.998538613319397
0.4725375771522522
0.5274624824523926
0.14175762236118317
0.858242392539978
0.041243016719818115
0.9587569832801819
0.9990026354789734
0.0009973348351195455
0.0967036709189415
0.9032963514328003
0.0005031010368838906
0.9994969367980957
0.32526713609695435
0.6747328639030457
0.9985958933830261
0.0014041275717318058
0.9986048340797424
0.001395158818922937
0.16576391458511353
0.8342360258102417
0.19352951645851135
0.806470513343811
0.009981793351471424
0.9900181293487549
0.014778776094317436
0.9852212071418762
0.005922812037169933
0.994077205657959
0.06059423089027405
0.9394057989120483
0.0006330701871775091
0.9993669390678406
0.5600143074989319
0.4399856925010681
0.2987142503261566
0.7012857794761658
0.0013395630521699786
0.9986604452133179
0.016074756160378456
0.9839252233505249
0.44376540184020996
0.55623459815979
0.08488944917917252
0.9151105284690857
0.039501748979091644
0.9604983329772949
0.39256155490875244
0.6074384450912476
0.0007532326271757483
0.9992468357086182
0.014792034402489662
0.9852079153060913
0.11822795122861862
0.8817720413208008
0.09083148837089539
0.909168541431427
0.0043456219136714935
0.9956543445587158
0.5047433972358704
0.49525660276412964
0.10229393094778061
0.8977060317993164
0.02110772766172886
0.9788923263549805
0.35796919465065
0.6420308351516724
0.15252424776554108
0.8474757075309753
0.16005946695804596
0.8399405479431152
0.09175033867359161
0.9082496166229248
0.3347807824611664
0.6652191877365112
0.02363377809524536
0.9763662815093994
0.04286210611462593
0.9571378827095032
0.0151114696636796
0.9848885536193848
0.08040715008974075
0.9195928573608398
0.0483575239777565
0.9516423940658569
0.004309921525418758
0.9956900477409363
0.0030519701540470123
0.9969480633735657
0.7326791286468506
0.2673209309577942
0.0015970547683537006
0.998403012752533
0.4750610888004303
0.5249389410018921
0.0015381895937025547
0.9984618425369263
0.008860557340085506
0.9911394715309143
0.07340990751981735
0.926590085029602
0.6235759854316711
0.37642401456832886
0.1755976378917694
0.8244023323059082
0.00929562933743
0.990704357624054
0.09872350841760635
0.9012764692306519
0.9985247254371643
0.0014753002906218171
0.004239233676344156
0.9957607388496399
0.006008731201291084
0.9939911961555481
0.001657717046327889
0.9983422756195068
0.18973778188228607
0.8102622628211975
0.23856104910373688
0.7614389061927795
0.47232502698898315
0.5276750326156616
0.04772057384252548
0.9522794485092163
0.25555235147476196
0.744447648525238
0.008257445879280567
0.9917425513267517
0.19567115604877472
0.8043288588523865
0.0005091882776468992
0.9994907379150391
0.6197504997253418
0.380249559879303
0.12489400804042816
0.8751060366630554
0.010152296163141727
0.989847719669342
0.33433839678764343
0.665661633014679
0.4062211513519287
0.5937788486480713
0.8950383067131042
0.10496170073747635
0.0006428064662031829
0.9993571639060974
0.3331609070301056
0.6668391227722168
0.03158717602491379
0.9684128165245056
0.014686173759400845
0.9853138327598572
0.013964768499135971
0.9860352277755737
0.005082428455352783
0.994917631149292
0.0356493778526783
0.9643505811691284
0.039906591176986694
0.9600934386253357
0.44775497913360596
0.5522450804710388
0.00446206983178854
0.9955379962921143
0.002117651281878352
0.9978823065757751
0.588500440120697
0.411499559879303
0.0097260233014822
0.9902740120887756
